n	y	eta
1	0.367882	0.367935
2	-3.8168	3.81694
3	4.24531	4.24616
4	-1.68631	1.70564
5	-4.58057	4.58259
6	1.25903	1.25918
7	3.63578	3.63934
8	-3.58213	4.02575
9	1.12899	1.12914
10	0.0152864	0.0153132
11	-1.80611	1.80682
12	1.76738	1.77125
13	-4.90098	4.90112
14	1.71519	1.71533
15	-1.80405	1.80426
16	3.5585	3.55869
17	-4.2929	4.29301
18	4.39975	4.39985
19	1.42516	1.42557
20	0.290665	0.290866
21	1.61888	1.61906
22	0.450595	0.465992
23	2.37132	2.372
24	-4.80345	4.80452
25	3.33936	3.39035
26	2.32731	2.32751
27	3.41316	3.41609
28	2.29843	2.29862
29	-0.0530438	0.0531752
30	4.58195	4.58219
31	0.74461	0.744764
32	1.70674	1.70781
33	2.88214	2.88409
34	1.40412	1.40856
35	3.81993	3.82015
36	-3.84812	3.86049
37	-1.75552	1.7564
38	-4.30653	4.30666
39	-1.52905	1.52918
40	-0.883903	0.884071
41	1.10186	1.10202
42	-1.65645	1.66591
43	0.5381	0.538162
44	-1.9728	1.97292
45	-0.34441	0.34455
46	3.62796	3.62808
47	-4.25041	4.27151
48	1.85191	1.85208
49	-3.5588	3.55959
50	-2.06098	2.06108
51	-0.0491771	0.0493205
52	0.699941	0.700084
53	-4.30662	4.30786
54	3.8111	3.81454
55	2.28343	2.28398
56	0.974632	0.975326
57	-0.629393	0.629465
58	2.90032	2.90042
59	4.96016	4.9603
60	-4.60624	4.62233
61	-1.46334	1.46348
62	0.015947	0.0160224
63	-0.643565	0.643705
64	-2.08203	2.0857
65	0.123891	0.124296
66	1.05877	1.05885
67	4.94789	4.94812
68	3.27002	3.27014
69	3.15212	3.15267
70	-0.194398	0.196826
71	-4.99169	4.99182
72	3.82085	3.82706
73	-4.90159	4.9024
74	-0.712371	0.712431
75	2.64868	2.6717
76	-0.32568	0.325733
77	-1.29688	1.29697
78	0.471582	0.471695
79	-3.44188	3.44209
80	-1.14281	1.1435
81	-0.753464	0.753528
82	1.75673	1.76022
83	-3.32533	4.34817
84	-0.1643	0.164317
85	-2.89214	2.89225
86	0.262342	0.262416
87	-4.57846	4.58133
88	1.4951	1.49521
89	-4.19565	4.19578
90	-4.42148	4.42168
91	0.464123	0.480143
92	4.63837	4.63851
93	-0.0568915	0.0672889
94	2.2268	2.22785
95	-1.5005	1.50064
96	-1.81675	1.81706
97	-4.00005	4.00015
98	-3.05953	3.05998
99	-0.0332765	0.033302
100	-2.49859	2.49914
101	1.41747	1.41775
102	4.19077	4.19148
103	-3.15306	3.15814
104	2.35895	2.35938
105	1.4686	1.46885
106	-3.89567	3.89592
107	-1.80968	1.80981
108	-3.90004	3.90028
109	0.852663	0.852814
110	-0.36534	0.365385
111	4.41076	4.41106
112	2.09821	2.09832
113	2.75788	2.75803
114	-1.91467	1.91511
115	0.81484	0.819532
116	4.79919	4.79951
117	-1.6495	1.64964
118	4.07131	4.12968
119	-0.324171	0.324541
120	2.84875	2.84891
121	-0.632255	0.632342
122	-1.92285	1.92321
123	4.69579	4.69934
124	0.691491	0.696274
125	-2.49612	2.49623
126	-0.099381	0.0994061
127	3.14406	3.14432
128	-2.67466	2.67759
129	-3.9625	3.97661
130	3.62655	3.62725
131	-4.00258	4.00278
132	4.08465	4.09029
133	2.4157	2.41594
134	4.54537	4.54566
135	-0.41377	0.413935
136	-1.76404	1.76419
137	1.3472	1.34842
138	1.51204	1.51405
139	-4.50978	4.51009
140	-3.40856	3.40916
141	-2.47032	2.47139
142	-0.0912717	0.0912834
143	3.49089	3.49137
144	1.57568	1.57579
145	-2.35526	2.41013
146	1.38072	1.38188
147	-1.37203	1.38174
148	2.99009	2.99024
149	-1.37866	1.379
150	-1.86479	1.86502
151	-0.070421	0.0705112
152	2.16154	2.16171
153	-2.31572	2.31707
154	2.31977	2.32048
155	0.877105	0.877217
156	1.16859	1.16876
157	0.403266	0.403326
158	4.08052	4.08249
159	3.31139	3.31695
160	-1.57746	1.5776
161	-4.14158	4.14168
162	-0.401702	0.405176
163	0.268634	0.268743
164	0.530067	0.530144
165	-4.87615	4.87633
166	2.09753	2.58324
167	0.0364433	0.0366032
168	1.33021	1.33049
169	2.93265	2.93397
170	-4.10479	4.10649
171	-2.43882	2.43938
172	-2.78346	2.78373
173	3.14112	3.1413
174	-3.1414	3.14254
175	1.95326	1.98178
176	2.40865	2.40895
177	0.0843931	0.0844158
178	-2.70193	2.70204
179	-0.404669	0.404784
180	4.243	4.27271
181	1.49342	1.49463
182	4.77261	4.77281
183	-4.4004	4.40238
184	4.25058	4.25077
185	4.75278	4.75289
186	-2.65799	2.65832
187	2.2096	2.22155
188	-4.72159	4.74085
189	0.855606	0.855811
190	-3.19677	3.19727
191	2.41814	2.41827
192	-4.37946	4.37984
193	-3.78118	3.78173
194	-2.14444	2.14797
195	-4.25324	4.25353
196	-4.46667	4.46715
197	3.43908	3.43919
198	3.77003	3.77018
199	1.40875	1.40899
200	2.57094	2.57271
201	3.1664	3.1665
202	3.4755	3.49227
203	-0.528506	0.528589
204	-4.27328	4.27339
205	-4.10908	4.10948
206	-1.86404	1.86425
207	-3.25817	3.25972
208	-4.18842	4.189
209	1.67513	1.67639
210	3.77481	3.77522
211	0.765696	0.76578
212	-0.337943	0.339184
213	4.61409	4.61507
214	-1.75653	1.7587
215	-3.5473	3.54744
216	-2.81562	2.81573
217	-4.27264	4.27277
218	-0.00489612	0.00518656
219	4.4138	4.41841
220	0.52595	0.526003
221	3.25178	3.25196
222	3.61377	3.61387
223	-2.58158	2.5817
224	-2.04573	2.04587
225	-1.90751	1.90772
226	1.51543	1.51558
227	-3.96276	3.96293
228	-1.93703	1.93715
229	-0.390423	0.390948
230	1.67417	1.67616
231	2.12085	2.12101
232	0.681383	0.681559
233	4.51844	4.51857
234	-1.95295	1.9531
235	1.39831	1.39848
236	4.23695	4.25629
237	2.23492	2.23521
238	-0.356295	0.356333
239	2.27607	2.27642
240	3.74688	3.747
241	4.32706	4.36098
242	4.22676	4.22687
243	1.4398	1.44009
244	-3.98437	3.98453
245	3.59617	3.5965
246	2.11166	2.1162
247	1.54835	1.5488
248	-1.43478	1.43667
249	-1.53047	1.53132
250	-0.0009735	0.000973599
251	0.185275	0.186032
252	-0.482073	0.482235
253	-2.9133	2.91344
254	-2.92647	2.9266
255	1.75961	1.75974
256	4.73134	4.73338
257	1.08272	1.08285
258	1.45098	1.45133
259	-3.75217	3.75257
260	-1.4281	1.42819
261	0.156398	0.156418
262	0.561016	0.561129
263	-1.5234	1.52353
264	2.77154	2.77217
265	0.738509	0.738814
266	1.81396	1.8141
267	2.00654	2.00671
268	-1.65602	1.65616
269	-4.50648	4.52015
270	3.45601	3.45649
271	1.23792	1.23812
272	-1.6602	1.66051
273	2.14545	2.14555
274	-0.156836	0.156868
275	2.25738	2.25758
276	3.23727	3.23763
277	4.09862	4.10029
278	-0.881474	0.881764
279	-2.07547	2.07572
280	4.52134	4.52152
281	-0.339374	0.339816
282	4.58682	4.58704
283	2.66719	2.66775
284	-4.23959	4.23983
285	3.3483	3.34844
286	0.413836	0.419317
287	2.40377	2.40394
288	1.90686	1.9181
289	3.54442	3.54465
290	-2.05751	2.06113
291	-4.83491	4.83508
292	3.21558	3.21571
293	-0.0219423	0.0219498
294	-3.16107	3.16135
295	-0.775831	0.775949
296	1.56562	1.56577
297	2.69558	2.69738
298	-4.44804	4.46605
299	4.08324	4.08341
300	-1.47652	1.47689
301	-4.47121	4.47137
302	-2.98225	2.98253
303	2.69095	2.69111
304	-2.51822	2.51978
305	-4.32537	4.33861
306	-2.96283	2.96297
307	1.60404	1.60413
308	-4.89658	4.89678
309	-2.41314	2.4134
310	4.48468	4.48541
311	-1.69737	1.69941
312	0.695822	0.695913
313	-2.79726	2.7988
314	1.36099	1.36114
315	2.56016	2.56026
316	3.71751	3.71776
317	3.82178	3.82191
318	1.0215	1.02232
319	4.65987	4.66007
320	-2.2519	2.25201
321	-1.07245	1.11219
322	-3.82579	3.82591
323	0.0380243	0.0380309
324	-2.88632	2.88667
325	-1.78001	1.78021
326	-0.564091	0.564623
327	2.64865	2.64875
328	2.52084	2.52094
329	1.37952	1.38122
330	-3.86264	3.86478
331	-1.23371	1.2338
332	-2.97138	2.97179
333	-4.40987	4.41013
334	4.10079	4.1009
335	1.5534	1.55362
336	-4.4155	4.41562
337	1.63417	1.63438
338	-3.98747	3.98769
339	-1.96366	1.96432
340	4.29707	4.2986
341	-0.275438	0.275842
342	-2.22105	2.22139
343	-1.13529	1.13538
344	-2.7754	2.77551
345	-0.818379	0.818986
346	-0.816097	0.816284
347	-1.78317	1.78472
348	-4.46402	4.46572
349	-0.737354	0.737424
350	-0.94304	0.943141
351	-3.51434	3.53275
352	-3.703	3.70325
353	1.40016	1.40046
354	4.79202	4.79214
355	0.435739	0.435799
356	0.692827	0.692888
357	-2.17793	2.17813
358	-2.46649	2.46732
359	3.77157	3.8112
360	1.93101	1.93156
361	3.12008	3.12023
362	-4.0989	4.09908
363	2.32744	2.32762
364	0.143866	0.143895
365	-3.92615	3.92629
366	-2.59387	2.59427
367	-1.15772	1.15889
368	-4.32066	4.32077
369	1.01266	1.01275
370	4.67894	4.67913
371	4.56044	4.57761
372	-3.3913	3.39165
373	-1.15645	1.15914
374	4.06929	4.06972
375	3.90033	3.90274
376	0.568316	0.56862
377	2.11522	2.11631
378	3.35731	3.36501
379	2.9065	2.90757
380	1.03274	1.03286
381	-2.298	2.2982
382	-3.46014	3.46115
383	-2.85799	2.8583
384	1.78673	1.78696
385	-2.30945	2.31056
386	4.60307	4.60339
387	-3.16256	3.16273
388	-0.366504	0.368326
389	0.353991	0.354479
390	3.29611	3.30042
391	4.70309	4.70496
392	-3.72527	3.726
393	-4.66615	4.66627
394	-3.73903	3.73926
395	-1.86678	1.86721
396	2.2207	2.22407
397	0.732589	0.732696
398	-2.62048	2.62077
399	-4.02025	4.02039
400	1.02926	1.03032
401	0.631917	0.635283
402	0.921278	0.921565
403	1.84411	1.84422
404	-1.84966	1.84995
405	-0.742437	0.742558
406	1.45242	1.45442
407	0.310878	0.310976
408	-4.22103	4.2268
409	2.3592	2.35947
410	-1.11493	1.11502
411	4.33365	4.33381
412	1.32765	1.66256
413	4.86632	4.8665
414	-2.05916	2.0593
415	2.87341	2.87357
416	-0.483642	0.484128
417	-0.397564	0.397607
418	-4.02531	4.0255
419	-4.00759	4.01073
420	-1.35536	1.38808
421	0.571484	0.571536
422	4.21063	4.21077
423	2.82422	2.82432
424	1.52709	1.58846
425	-2.97046	2.97058
426	0.675844	0.675952
427	-3.48208	3.48234
428	1.42944	1.4296
429	-4.28934	4.28946
430	-2.76969	2.76988
431	3.34038	3.34116
432	-2.91059	2.91116
433	2.1843	2.18493
434	-0.610644	0.610774
435	2.18912	2.18938
436	-1.57332	1.57376
437	3.13107	3.1315
438	-1.35703	1.35934
439	-2.37309	2.37319
440	-3.86129	3.88133
441	-4.41779	4.41852
442	1.01964	1.01986
443	3.81805	3.81842
444	-1.51562	1.51572
445	-3.18065	3.18534
446	3.11279	3.11289
447	-2.53864	2.53874
448	-1.89746	1.89757
449	-1.73371	1.73408
450	2.82237	2.82249
451	0.525893	0.525976
452	-1.78398	1.78525
453	-1.11363	1.11419
454	4.61224	4.6133
455	2.02905	2.02917
456	-3.83027	3.83063
457	2.5655	2.566
458	4.7114	4.71266
459	4.63844	4.63918
460	0.912259	0.912398
461	3.91047	3.913
462	-3.38248	3.38267
463	-0.772762	0.792324
464	-3.98251	3.9829
465	-2.78805	2.78821
466	2.94893	2.94925
467	-4.91108	4.91124
468	-3.6052	3.60749
469	3.02394	3.02409
470	-4.51143	5.01176
471	-3.242	3.24222
472	-2.33575	2.33588
473	3.84766	3.84801
474	0.707048	0.707169
475	0.571422	0.571531
476	4.94389	4.95281
477	0.644353	0.644469
478	0.853722	0.853792
479	1.28147	1.28206
480	2.36511	2.36531
481	0.711075	0.7258
482	1.23125	1.23442
483	1.479	1.47932
484	4.77528	4.78496
485	3.6331	3.6332
486	4.55593	4.55604
487	-3.07786	3.07817
488	4.71459	4.71473
489	-0.404185	0.409356
490	4.25591	4.25601
491	2.04095	2.04108
492	-0.350871	0.351023
493	-4.23879	4.23891
494	-2.44311	2.44368
495	2.37406	2.37416
496	0.53609	0.536413
497	0.236052	0.236106
498	3.88513	3.88536
499	4.3934	4.39358
500	1.21799	1.21821
501	3.92427	3.92828
502	3.41759	3.41773
503	2.99409	2.99434
504	-3.38379	3.3842
505	-1.44618	1.44631
506	-2.24286	2.24298
507	-4.92808	4.9285
508	-1.71994	1.72007
509	2.90912	2.91254
510	2.8758	2.90487
511	0.758954	0.759567
512	3.36832	3.36848
513	0.179237	0.179321
514	-2.28994	2.30273
515	0.913874	0.913987
516	-2.40087	2.48421
517	-0.298027	0.298071
518	0.684546	0.684817
519	4.14889	4.14935
520	0.285973	0.2861
521	3.17287	3.17313
522	-1.70253	1.70275
523	0.449389	0.449798
524	4.07791	4.07881
525	-2.58552	2.58614
526	3.6417	3.64194
527	-4.63439	4.63499
528	4.16844	4.17651
529	-0.736518	0.736674
530	-4.88252	4.88262
531	-4.19345	4.19391
532	0.0154947	0.0156387
533	-1.26668	1.26679
534	3.20459	3.20513
535	3.0008	3.00185
536	0.584919	0.58584
537	-3.46632	3.46648
538	-0.581545	0.581867
539	0.459918	0.460377
540	-4.65842	4.65871
541	-4.54992	4.55007
542	1.04783	1.04794
543	0.993304	1.03097
544	1.36054	1.36063
545	2.09477	2.09585
546	-4.56586	4.56615
547	4.19463	4.20643
548	-1.59015	1.59067
549	1.14968	1.14985
550	0.810162	0.812398
551	0.105006	0.105026
552	-4.67586	4.67676
553	-4.72253	4.75771
554	-1.37824	1.38214
555	3.23896	3.2412
556	-1.38822	1.38837
557	-2.05338	2.05349
558	4.50474	4.5049
559	-0.124107	0.124505
560	4.19671	4.19697
561	-2.6567	2.65681
562	4.87199	4.8722
563	0.0804832	0.0805489
564	-0.534117	0.5342
565	-0.103711	0.103722
566	0.380634	0.380669
567	-3.32887	3.3337
568	1.63998	1.64022
569	-4.55263	4.55273
570	2.68598	2.68616
571	-0.774925	0.775039
572	2.37538	2.37589
573	-4.04262	4.0433
574	1.11161	1.1144
575	-2.25459	2.27885
576	2.80394	3.04183
577	-0.0608319	0.0608524
578	1.62665	1.62674
579	-4.04221	4.04237
580	-3.75019	3.75349
581	-3.63143	3.63233
582	0.85537	0.855806
583	-2.66478	2.66516
584	-0.0117063	0.011712
585	-2.24291	2.24335
586	-3.53107	3.53168
587	-1.02796	1.02809
588	-0.846141	1.09925
589	0.724442	0.724509
590	-4.2373	4.2375
591	0.573793	0.573892
592	-1.44144	1.44154
593	1.24258	1.24267
594	-4.46739	4.46789
595	-3.72226	3.72249
596	-1.94556	1.94598
597	3.41287	3.41303
598	0.686014	0.686094
599	-3.59484	3.59496
600	-1.46932	1.4724
601	-1.65142	6.80859
602	-3.85558	3.85603
603	-1.15607	1.17783
604	-2.74996	2.75007
605	0.563752	0.564064
606	3.03822	3.03839
607	-3.42061	3.42082
608	-3.34949	3.3498
609	-3.218	3.2183
610	0.022338	0.0223523
611	-1.03446	1.03465
612	0.706055	0.706268
613	1.98659	1.98677
614	-1.8735	1.8737
615	-2.93362	2.9345
616	-2.44599	2.45962
617	-3.3432	3.34462
618	-2.26442	2.27376
619	3.99671	5.59305
620	0.069104	0.0699611
621	2.99837	2.99904
622	0.698011	0.69808
623	-0.295883	0.296009
624	2.39972	2.4008
625	4.53164	4.532
626	4.54586	4.54693
627	-4.50116	4.53783
628	0.875594	0.875869
629	1.64398	1.64412
630	0.877193	0.877317
631	0.659284	0.659403
632	-0.874683	0.875
633	-2.87036	2.87105
634	-2.18318	2.18334
635	-3.15348	3.15377
636	0.686817	0.686879
637	-4.00675	4.00694
638	4.42264	4.42758
639	3.73335	3.73407
640	-2.81652	2.81674
641	4.24442	4.24465
642	-3.23784	3.23794
643	1.98125	1.98159
644	2.2287	2.22995
645	1.63986	1.64048
646	-2.66441	2.66474
647	-3.4629	3.46403
648	4.61523	4.61658
649	-1.67819	1.67854
650	-0.20691	0.223586
651	-4.68204	4.68215
652	0.0132103	0.0132126
653	-3.13526	3.14277
654	2.00858	2.0087
655	-3.74179	3.74193
656	3.86306	3.86318
657	-4.07859	4.07872
658	-4.7541	4.75439
659	3.26299	3.26338
660	-3.47211	3.6784
661	-4.41951	4.42137
662	2.20198	2.20227
663	-4.6756	4.67634
664	0.784331	0.785193
665	4.24925	4.24938
666	3.81452	3.81464
667	-3.94267	3.94443
668	-4.12157	4.12213
669	3.26358	3.26387
670	-1.47986	1.47996
671	2.07908	2.07942
672	-4.97557	4.97584
673	-1.99156	1.99167
674	0.903143	0.903268
675	2.74493	2.74534
676	1.17427	1.17445
677	-3.70548	3.70639
678	-4.55698	4.55719
679	-4.80654	4.80814
680	0.265118	0.26515
681	1.80477	1.80746
682	4.00993	4.01022
683	2.90738	2.90748
684	-4.21584	4.2176
685	2.77537	2.7803
686	0.692758	0.756369
687	1.68751	1.69188
688	-2.14506	2.14517
689	0.987521	0.98765
690	-4.03263	4.03413
691	1.18912	1.18955
692	-2.94212	2.94251
693	-4.48211	4.4825
694	4.10256	4.10269
695	3.72825	3.73424
696	-4.84594	4.85437
697	3.44732	3.44746
698	-1.60489	1.6061
699	4.05235	4.05592
700	-2.47434	2.47506
701	3.48358	3.48381
702	-3.31783	3.39401
703	-1.0644	1.07319
704	-0.132961	0.132974
705	-1.70481	1.70805
706	-1.34442	1.34453
707	-2.02395	2.02851
708	1.96794	1.96896
709	3.21436	3.21645
710	-0.794715	0.795138
711	-4.56183	4.56768
712	-2.52438	2.52454
713	-1.47667	1.47953
714	0.24018	0.240277
715	-4.95	4.95031
716	4.4034	4.40359
717	0.984252	0.984371
718	-1.29533	1.29541
719	0.622682	0.622786
720	4.84298	4.84314
721	-0.593879	0.594449
722	3.40217	3.4026
723	4.21202	4.22934
724	-4.12389	4.1243
725	-3.55939	3.83285
726	-0.631025	0.631164
727	4.44074	4.44145
728	-4.23574	4.23632
729	-2.28468	2.28702
730	0.539745	0.539983
731	-1.22972	1.63602
732	-3.70109	3.7012
733	1.02872	3.85988
734	4.67439	4.6746
735	-1.42471	1.42482
736	-4.43073	4.431
737	-1.98407	1.98422
738	0.363582	0.363692
739	-0.65845	0.659357
740	4.65432	4.65825
741	-3.67891	3.68144
742	2.66093	2.66107
743	-4.13211	4.13232
744	-1.27411	1.27514
745	-0.570362	0.570431
746	1.34854	1.34874
747	-0.791222	0.791449
748	2.95445	2.95455
749	-2.34898	2.34932
750	-3.11111	3.1127
751	2.1462	2.14657
752	-0.792275	0.792344
753	-3.5704	3.57052
754	-2.60992	2.61392
755	0.810998	0.811184
756	-3.4467	3.44723
757	1.06769	1.0678
758	2.89391	2.89455
759	2.63943	2.63964
760	-4.48121	4.48149
761	-4.11457	4.11526
762	-4.73101	4.94825
763	-0.48523	0.485335
764	0.331702	0.331867
765	0.852267	0.852606
766	-1.60789	1.60845
767	4.67875	4.67911
768	-1.8394	1.83955
769	2.17114	2.17884
770	1.8795	1.88006
771	2.59507	2.59528
772	-4.88578	4.88713
773	2.64704	2.6473
774	-4.40165	4.43024
775	4.62792	4.62808
776	2.35554	2.35566
777	2.98446	2.98481
778	0.607561	0.607771
779	0.847964	0.848065
780	4.66502	4.66524
781	3.15986	3.1605
782	-0.3013	0.301387
783	-4.34304	4.34333
784	3.94696	3.94727
785	-1.59003	1.59327
786	-4.18977	4.18992
787	-0.740734	0.740826
788	-0.332187	0.332268
789	3.93258	3.96554
790	2.19278	2.19296
791	1.38329	1.39362
792	4.07386	4.07986
793	-2.82715	2.85024
794	1.86698	1.86724
795	0.620682	0.621249
796	4.72105	4.72267
797	4.58914	4.59626
798	-3.38085	3.38095
799	-2.72095	2.72107
800	3.0742	3.07924
801	1.39258	1.39272
802	1.69407	1.69419
803	4.80888	4.80907
804	-2.44185	2.44202
805	1.62804	1.62814
806	2.30197	2.30257
807	-0.700747	0.701518
808	2.37909	2.38018
809	-3.94275	3.94698
810	-0.507077	0.507478
811	-4.22192	4.22581
812	-4.54153	4.54165
813	3.63372	3.634
814	-4.38668	4.38683
815	-2.35626	2.35644
816	1.60179	1.60193
817	2.57194	2.57276
818	4.68816	4.68859
819	-0.342254	0.342359
820	1.12229	1.12243
821	-3.00276	3.00372
822	-0.702876	0.703746
823	4.80009	4.80031
824	-2.2314	2.23153
825	0.92229	0.922633
826	2.53526	2.53609
827	-3.5245	3.52477
828	2.06759	2.06769
829	-4.92865	4.92899
830	-3.97801	3.97847
831	1.36842	1.36873
832	-3.2486	3.25074
833	-4.08036	4.08055
834	-3.6788	3.68599
835	-1.31412	1.31447
836	1.86318	1.86808
837	-4.13225	4.13241
838	-3.02038	3.02051
839	-2.16348	2.19928
840	-3.47483	3.475
841	-2.99025	2.9904
842	0.459178	0.45963
843	2.05416	2.05455
844	-1.40553	1.40601
845	-4.79232	4.80847
846	4.8406	4.84157
847	-2.75977	2.75997
848	-4.48353	4.48424
849	-1.96843	1.96867
850	3.73726	3.73808
851	4.28116	4.28781
852	-2.59943	2.59953
853	1.76074	1.76663
854	-4.18325	4.18336
855	4.12841	4.12875
856	3.35606	3.35622
857	-3.59764	3.59935
858	-0.376593	0.376666
859	1.34201	1.34221
860	0.58204	0.582567
861	-2.16567	2.17867
862	-1.8742	2.176
863	2.01464	2.0159
864	3.23444	3.23453
865	0.479941	0.480218
866	1.76365	1.80204
867	-2.42786	2.428
868	-0.0899902	0.0900018
869	-1.45559	1.45968
870	3.93013	3.93058
871	3.06869	3.06915
872	-1.18902	1.18912
873	-3.89857	3.89877
874	2.92758	2.92798
875	1.65225	1.65326
876	-1.00687	1.00696
877	3.93225	3.93279
878	-0.438859	0.439969
879	-4.2388	4.2393
880	0.993101	0.994289
881	4.76727	4.76775
882	-3.99776	3.9981
883	-3.07903	3.08191
884	-3.32771	3.33871
885	-3.36099	3.36111
886	3.13819	3.1383
887	2.88862	2.88888
888	4.17875	4.1789
889	-4.61645	4.617
890	1.43349	1.43401
891	-4.38406	4.38418
892	1.52238	1.52249
893	2.54555	2.54571
894	0.495086	0.495187
895	-1.1209	1.12106
896	-0.452106	0.452664
897	-0.755063	0.760127
898	0.985788	0.987128
899	-3.53761	3.53796
900	-3.36872	3.36939
901	3.2605	3.26061
902	-2.19091	2.19269
903	-3.28137	3.28163
904	0.13917	0.13921
905	4.09416	4.09437
906	4.13798	4.13809
907	-3.00072	3.0062
908	4.25829	4.25841
909	1.74389	1.77991
910	2.85159	2.85171
911	1.24156	1.24186
912	-0.730636	0.73071
913	2.94962	2.94973
914	1.6524	1.65252
915	2.91323	2.91345
916	-2.4866	2.48832
917	3.05315	3.07575
918	-2.67715	2.67725
919	2.31034	2.31073
920	-3.12603	3.12725
921	4.03469	4.03484
922	1.1146	1.11472
923	1.67232	1.68825
924	-4.42119	4.42215
925	-4.87374	4.87394
926	-0.960801	0.961761
927	-4.17012	4.17034
928	1.85432	1.85448
929	3.56372	3.5648
930	3.1915	3.19261
931	-3.20959	3.20972
932	-2.34932	2.34942
933	1.0274	1.94419
934	4.61535	4.61622
935	-2.56444	2.56463
936	4.74224	4.74243
937	-2.49873	2.50196
938	-2.49578	2.49592
939	-3.77028	3.77094
940	-2.4102	2.41038
941	-3.48658	3.48749
942	2.72381	2.72415
943	-0.0624332	0.0632736
944	-3.8772	3.87827
945	3.08486	3.08498
946	4.97823	4.97833
947	-4.98079	4.98122
948	4.71883	4.72103
949	2.60244	2.60257
950	4.38435	4.38445
951	-4.1765	4.17664
952	-3.49175	3.49261
953	-0.0165835	0.0166245
954	-2.50163	2.50325
955	2.09549	2.33134
956	2.56912	2.5693
957	-3.28282	3.31013
958	-4.04779	4.04867
959	4.87105	4.87134
960	-4.84398	4.84425
961	-3.61068	3.61078
962	2.83118	2.83136
963	-2.23684	2.2372
964	2.45514	2.45525
965	1.88418	1.88487
966	-4.59639	4.59672
967	0.96607	0.966259
968	-3.96754	3.96769
969	0.92433	0.925144
970	2.16262	2.16322
971	3.619	3.65144
972	-3.37127	3.37138
973	-4.97533	4.97574
974	1.99092	1.99102
975	-0.34404	0.344213
976	2.85163	2.85382
977	2.2812	2.28625
978	2.45381	2.45391
979	-1.76719	1.98613
980	-4.59003	4.59013
981	-3.25157	3.2517
982	2.82468	2.82501
983	-2.27455	2.27471
984	3.66399	3.66417
985	-2.61203	2.61551
986	-3.3304	3.33055
987	-4.44164	4.44248
988	-3.65685	3.65697
989	0.87928	0.879433
990	-4.52125	4.52137
991	0.481015	0.481112
992	1.58052	1.58096
993	-0.98681	0.988764
994	-2.19342	2.19389
995	3.94328	3.94403
996	2.363	2.36313
997	-0.969864	1.01863
998	3.40622	3.407
999	-0.955171	0.955589
1000	0.405367	0.40582
