n	y	pT	pZ	theta	eta
1	-2.98271	-0.742975	-19.1718	0.0387342	3.94406
2	-3.58622	-7.03442	-130.951	0.0536662	3.61788
3	-3.75119	7.65926	-167.382	-0.0457272	nan
4	4.59764	5.04795	265.926	0.0189802	4.65747
5	0.479029	2.08849	1.37184	0.989615	0.616966
6	0.64633	5.7352	4.16131	0.943112	0.673492
7	-4.22662	6.50062	-230.925	-0.028143	nan
8	-2.06274	2.95313	-13.385	-0.217151	nan
9	-3.39839	6.5058	-100.857	-0.0644162	nan
10	1.49601	6.90353	15.1242	0.428211	1.52584
11	3.80703	9.54628	218.549	0.0436525	3.82448
12	2.14324	2.91512	14.4062	0.199656	2.30098
13	-2.79518	2.79186	-27.0803	-0.102733	nan
14	1.39142	-8.74615	16.8402	-0.479016	nan
15	1.70738	-8.13407	22.2149	-0.350993	nan
16	-4.63964	3.09632	-185.339	-0.0167047	nan
17	-0.0781509	-6.966	-0.562853	1.49017	0.0807124
18	1.21835	-6.23747	10.0168	-0.556943	nan
19	3.40432	-7.30435	113.071	-0.0645103	nan
20	-2.14276	-6.87983	-29.8879	0.226247	2.175
21	-4.63313	1.84068	-132.363	-0.0139054	nan
22	-1.85027	4.88354	-16.146	-0.293714	nan
23	-1.15854	-3.09266	-5.1373	0.54189	1.28094
24	0.81019	-6.27633	5.88803	-0.817308	nan
25	-3.13153	-3.29747	-42.95	0.0766244	3.2615
26	-0.310153	-5.48419	-1.81905	1.25053	0.325891
27	3.64859	3.77916	80.3585	0.0469942	3.7507
28	-1.79118	-8.57012	-25.5258	0.323918	1.81161
29	0.963016	-9.18216	10.4697	-0.719975	nan
30	-2.28792	-6.22019	-31.5772	0.194494	2.32734
31	-1.40401	5.55668	-11.1734	-0.461495	nan
32	-4.44753	0.694954	-82.3935	-0.00843438	nan
33	0.0484418	8.32285	0.412656	1.52126	0.0495609
34	1.05189	-1.75355	3.15851	-0.506814	nan
35	4.04398	-5.63599	168.724	-0.0333912	nan
36	-2.04905	3.25978	-14.2091	-0.225512	nan
37	3.58341	-7.36615	136.371	-0.053963	nan
38	-1.44146	6.72917	-13.8977	-0.450923	nan
39	-1.43776	-8.87821	-17.999	0.458242	1.45579
40	1.99537	-7.66303	28.4123	-0.263439	nan
41	3.76677	-3.88091	92.4414	-0.0419577	nan
42	-3.2003	5.13099	-66.6078	-0.0768811	nan
43	-1.71805	9.37721	-25.7533	-0.349196	nan
44	1.41985	6.73692	13.5795	0.460531	1.45063
45	3.717	3.18664	75.2405	0.0423275	3.85532
46	-1.0292	4.55251	-5.97617	-0.650996	nan
47	-2.99876	-0.290993	-18.2435	0.0159491	4.83148
48	4.64102	3.39873	199.299	0.0170518	4.76462
49	1.23943	2.1762	4.46795	0.45325	1.46713
50	-2.27999	0.496835	-9.03243	-0.0549503	nan
51	-4.84766	-9.09875	-590.978	0.0153949	4.86685
52	-1.3136	4.55355	-8.44802	-0.494365	nan
53	-4.24183	-5.02869	-185.66	0.0270788	4.30209
54	1.43603	-9.33605	18.8548	-0.459764	nan
55	4.50137	9.04337	415.531	0.02176	4.52079
56	-4.05891	3.96024	-125.922	-0.0314396	nan
57	-0.0991651	6.66379	-0.685621	-1.46827	nan
58	-0.839099	-5.48904	-5.43634	0.790221	0.874569
59	2.88393	0.440252	16.5186	0.0266455	4.31822
60	-0.34052	-6.2434	-2.25561	1.22411	0.353848
61	3.54721	-3.95553	75.3733	-0.0524311	nan
62	-0.287276	3.51936	-1.15127	-1.25464	nan
63	4.95766	6.63951	489.291	0.0135688	4.99311
64	-4.87341	5.29887	-365.877	-0.0144816	nan
65	-0.982279	1.65873	-2.8101	-0.533239	nan
66	-0.824251	-6.38957	-6.11255	0.807552	0.850382
67	-4.77241	0.356719	-108.444	-0.00328942	nan
68	-2.31004	-9.70743	-49.2439	0.194634	2.32662
69	3.61227	2.72829	60.506	0.0450606	3.79272
70	-2.85274	7.8501	-69.5754	-0.112354	nan
71	-1.68867	-2.9558	-9.04555	0.315831	1.83733
72	0.906423	8.48778	8.98666	0.756857	0.92233
73	-2.96331	-8.61279	-84.9542	0.101036	2.98457
74	2.41239	9.9801	56.136	0.175946	2.42814
75	-2.25444	-0.802852	-9.28805	0.0862249	3.14332
76	3.23334	5.46243	72.8259	0.0748664	3.28473
77	3.49314	-1.51224	38.6243	-0.0391325	nan
78	1.91339	-3.3685	12.6579	-0.260091	nan
79	2.85054	-2.08556	23.7463	-0.0876019	nan
80	3.99773	-0.206813	49.333	-0.00419217	nan
81	2.04541	-5.5648	22.2338	-0.245248	nan
82	-3.82173	-3.68539	-93.6394	0.0393369	3.92861
83	-0.161843	-0.178379	-0.294023	0.545319	1.27431
84	0.991508	8.54724	10.151	0.699839	1.00803
85	-3.29033	-1.05991	-28.006	0.0378276	3.96774
86	3.08686	1.86535	28.3362	0.0657343	3.41492
87	-4.53531	-9.88429	-468.392	0.0210995	4.55162
88	-2.65337	9.61345	-69.1062	-0.138224	nan
89	-3.3355	0.493289	-26.1822	-0.0188384	nan
90	-4.64969	5.41431	-298.244	-0.018152	nan
91	-0.819989	-3.12115	-3.29681	0.758035	0.920616
92	1.39482	5.60008	11.1362	0.465941	1.43852
93	0.241945	-7.24678	1.82428	-1.32418	nan
94	1.71758	-5.11354	14.6141	-0.33659	nan
95	-1.61978	-7.24615	-18.121	0.380399	1.64752
96	-3.04063	-7.61556	-81.6601	0.0929903	3.06769
97	2.60081	3.77856	28.0432	0.133934	2.70206
98	3.1443	-7.40629	88.263	-0.0837156	nan
99	1.20297	-3.3559	5.76877	-0.526881	nan
100	-1.29492	-7.57832	-13.1512	0.52277	1.31862
101	-4.44561	5.26281	-237.058	-0.0221969	nan
102	-3.94471	2.45517	-78.6074	-0.0312232	nan
103	2.01908	9.26579	34.9177	0.259383	2.03697
104	-4.93323	-5.67044	-412.94	0.013731	4.98123
105	-1.51467	5.77979	-13.1001	-0.415512	nan
106	0.473021	0.113224	0.885292	0.127205	2.75376
107	1.48165	4.07321	9.29144	0.413151	1.56272
108	-0.790392	-8.25062	-7.39161	0.840259	0.805806
109	-4.11312	1.60159	-73.6314	-0.021748	nan
110	-1.06115	-9.42555	-12.2042	0.657635	1.07528
111	2.36631	1.11971	11.1972	0.0996676	2.99823
112	-0.544111	-9.76015	-5.6706	1.04447	0.55246
113	0.569329	-2.56971	1.8843	-0.938087	nan
114	-4.53688	-2.78601	-154.88	0.0179862	4.71127
115	-2.23134	-4.1135	-20.6654	0.196484	2.3171
116	2.22714	2.97338	15.9285	0.184547	2.38016
117	-3.20131	-8.90542	-111.407	0.0797665	3.22127
118	3.30776	7.16731	100.825	0.0709672	3.33827
119	0.467483	-6.01255	3.04206	-1.1024	nan
120	3.5351	8.97341	156.82	0.0571589	3.5548
121	-1.99009	5.24131	-19.8936	-0.257613	nan
122	-4.6602	-7.81587	-423.67	0.0184459	4.68603
123	-0.677546	4.96641	-3.85937	-0.91018	nan
124	-4.77775	0.733092	-115.475	-0.00634842	nan
125	0.540611	-7.90555	4.59986	-1.04383	nan
126	-4.32263	-0.75894	-73.619	0.0103087	5.26791
127	2.24618	3.09979	16.75	0.182992	2.38866
128	-0.901681	-9.10987	-9.55462	0.761574	0.915477
129	-4.80866	1.62714	-148.691	-0.0109427	nan
130	3.68237	-0.748643	38.7121	-0.0193363	nan
131	-1.22486	7.71726	-12.3219	-0.559535	nan
132	1.98893	-4.00876	15.7556	-0.249147	nan
133	2.38955	2.1887	15.3264	0.141847	2.64448
134	2.72281	4.4891	36.6545	0.121864	2.79676
135	4.18179	6.58317	223.402	0.0294593	4.21782
136	1.63783	-6.08297	15.6993	-0.369656	nan
137	1.73339	6.22822	17.7739	0.337044	1.77116
138	-1.16321	-0.0838384	-2.60175	0.0322127	4.12845
139	-4.5359	-9.89162	-469.008	0.0210874	4.55219
140	-4.25417	0.167795	-63.6207	-0.00263742	nan
141	0.0658752	-5.67243	0.392318	-1.50174	nan
142	1.71835	0.557422	5.08389	0.109209	2.90665
143	4.29891	3.54697	146.386	0.0242255	4.41345
144	-3.06477	0.889181	-21.4646	-0.0414019	nan
145	2.23517	-7.05758	33.6537	-0.206716	nan
146	1.64591	5.56263	14.5957	0.36412	1.69228
147	-4.4069	6.46839	-275.29	-0.0234923	nan
148	-2.86224	8.61485	-76.7594	-0.111764	nan
149	4.85282	2.63346	204.298	0.0128895	5.04447
150	0.263364	-7.29609	2.0021	-1.30298	nan
151	-2.72459	-4.39479	-36.0568	0.121287	2.80152
152	-1.65843	-6.62506	-17.3713	0.364353	1.69163
153	-3.66322	4.50696	-94.5411	-0.0476359	nan
154	4.23747	-1.71589	86.0664	-0.0199342	nan
155	0.484751	-5.56721	2.94866	-1.08371	nan
156	-4.07465	-5.40019	-167.39	0.0322499	4.1273
157	-0.502512	8.54484	-4.57515	-1.07921	nan
158	-3.41012	-7.85915	-121.891	0.0643879	3.43563
159	-4.40727	-6.13394	-262.203	0.0233896	4.44857
160	3.43377	2.70083	50.2448	0.0537018	3.61722
161	-3.5414	-0.482913	-32.1351	0.0150265	4.89107
162	1.84327	-0.418907	5.69109	-0.073475	nan
163	-0.285436	5.36067	-1.63609	-1.27457	nan
164	-1.60281	2.98969	-8.31544	-0.345143	nan
165	3.8273	-9.13196	213.688	-0.042709	nan
166	-0.460159	-7.77911	-3.80525	1.11586	0.471498
167	-1.73491	2.84857	-9.25295	-0.298648	nan
168	-2.03834	3.38234	-14.4592	-0.229791	nan
169	3.47522	-4.07067	71.8236	-0.0566154	nan
170	2.1437	-1.60855	10.1554	-0.157088	nan
171	2.56209	2.09229	17.7824	0.117122	2.83654
172	2.53636	-2.84486	21.1322	-0.133818	nan
173	3.22368	0.712712	24.2775	0.0293484	4.22159
174	-0.728132	4.56701	-3.89866	-0.864182	nan
175	-1.17115	-6.94785	-10.4632	0.586171	1.19807
176	3.76791	-5.50415	125.278	-0.0439074	nan
177	-4.11284	-9.05952	-282.196	0.0320926	4.13219
178	-1.67061	4.18121	-11.6702	-0.344034	nan
179	-3.20548	-9.04658	-113.578	0.0794831	3.22483
180	-2.92477	6.69859	-64.4247	-0.103603	nan
181	1.62535	-5.34048	13.7605	-0.370207	nan
182	1.28562	-5.09702	9.02841	-0.513949	nan
183	-2.84127	-6.4046	-56.8115	0.11226	2.87903
184	-1.01456	-3.39599	-4.60375	0.635554	1.11193
185	1.82504	6.80862	21.2749	0.309731	1.85716
186	-3.7234	1.72673	-51.6081	-0.033446	nan
187	0.551654	3.30133	2.18113	0.986949	0.620158
188	2.73848	-8.75774	68.8388	-0.126541	nan
189	4.33576	2.34508	112.884	0.0207712	4.5673
190	-3.14362	-9.79033	-115.196	0.0847849	3.16019
191	-3.00707	0.358966	-18.5184	-0.0193819	nan
192	-3.43339	-9.83272	-154.685	0.0634805	3.44983
193	0.757028	6.75367	5.81126	0.860261	0.779187
194	4.43019	-3.68934	172.278	-0.0214118	nan
195	-3.36748	5.39731	-82.4159	-0.0653953	nan
196	-3.71345	-3.83921	-86.8622	0.0441701	3.81269
197	-2.79755	3.24777	-30.3434	-0.106628	nan
198	2.65964	1.00119	14.6456	0.0682546	3.37727
199	3.46697	-1.22823	34.875	-0.0352036	nan
200	-1.43272	0.434962	-3.65865	-0.118331	nan
201	-4.79633	-3.91636	-260.891	0.0150104	4.89214
202	-1.14024	-7.95225	-11.4465	0.607183	1.16067
203	3.28474	-6.6961	92.4438	-0.072308	nan
204	-0.694043	-9.55377	-7.30228	0.918184	0.704576
205	4.92438	7.96067	561.505	0.0141764	4.9493
206	-2.49296	1.57553	-14.37	-0.109204	nan
207	-0.0411597	-3.54266	-0.163603	1.52465	0.0461645
208	-0.759484	-9.28367	-7.89275	0.8662	0.771371
209	4.68956	-5.10585	294.503	-0.0173355	nan
210	3.02791	0.152111	18.6111	0.00817294	5.50007
211	-1.73402	-7.28413	-20.5843	0.340116	1.76191
212	-2.15402	-5.36289	-24.0516	0.219385	2.20605
213	2.96494	3.57143	38.6782	0.0920761	3.07758
214	2.54632	-8.06237	52.3807	-0.15272	nan
215	-2.09436	0.208097	-7.24532	-0.0287137	nan
216	-1.25504	-6.87666	-11.4548	0.540663	1.28332
217	1.99155	3.90516	15.4594	0.247431	2.08465
218	-2.99259	6.99713	-71.8417	-0.0970902	nan
219	0.361759	0.177644	0.668696	0.25966	2.03589
220	2.83098	0.638888	16.1427	0.0395569	3.92303
221	-1.10259	-2.38435	-4.00316	0.537192	1.29009
222	3.0773	0.404746	19.9749	0.0202599	4.59222
223	1.27884	6.88766	11.7965	0.528476	1.30724
224	0.414315	6.7933	2.99571	1.15547	0.427811
225	-2.5243	8.04511	-51.1215	-0.156092	nan
226	-2.91731	-2.33088	-27.1489	0.0856452	3.15008
227	2.48222	-2.79205	19.7395	-0.140513	nan
228	-3.02666	1.73524	-25.727	-0.0673464	nan
229	2.1166	7.41694	31.2251	0.23321	2.14442
230	-1.74694	-1.7611	-7.00412	0.246332	2.08915
231	0.576039	2.97812	2.11722	0.952774	0.661596
232	-3.40939	-3.22988	-55.8589	0.0577578	3.54437
233	-2.32839	-6.40921	-33.8315	0.187226	2.36566
234	0.243348	-0.113719	0.443244	-0.251145	nan
235	4.35911	7.04253	284.122	0.0247819	4.39074
236	1.89797	-1.8016	8.30538	-0.21361	nan
237	0.292469	-8.94155	2.70578	-1.27695	nan
238	-0.329693	-2.30471	-0.981693	1.16812	0.41402
239	2.35177	-7.50494	40.1671	-0.184713	nan
240	2.20005	-7.51339	34.4374	-0.214809	nan
241	1.20713	-3.43513	5.90417	-0.52694	nan
242	2.88555	-4.95548	47.0752	-0.104881	nan
243	-3.39734	1.86534	-38.6898	-0.0481753	nan
244	-4.64057	-8.25079	-437.419	0.0188602	4.66382
245	4.45505	-8.07509	355.952	-0.022682	nan
246	0.945157	-9.50882	10.5709	-0.732553	nan
247	2.60022	3.95343	29.088	0.135085	2.69347
248	2.64335	-6.36005	46.2331	-0.136707	nan
249	3.29188	-6.70033	93.1629	-0.071797	nan
250	3.75804	2.76345	70.6444	0.0390979	3.93471
251	2.65859	5.95126	44.1635	0.133948	2.70195
252	1.42101	5.67264	11.6046	0.454669	1.4639
253	0.018871	-5.67175	0.112299	-1.551	nan
254	-2.58554	9.5926	-64.3923	-0.147884	nan
255	1.40846	3.852	8.17435	0.440368	1.49695
256	0.258293	2.25998	0.754588	1.24854	0.327979
257	1.7773	2.00159	7.73216	0.253305	2.06094
258	0.36304	3.23582	1.37398	1.16925	0.412792
259	2.24012	-0.672098	8.9229	-0.0751808	nan
260	2.02631	-7.52963	28.8546	-0.255259	nan
261	4.76542	4.82888	302.435	0.0159653	4.83046
262	-0.503411	-1.66228	-1.28619	0.912269	0.712038
263	1.02019	-7.49702	9.3029	-0.678316	nan
264	-1.19136	-6.52949	-10.1181	0.573082	1.22197
265	-0.572783	6.47742	-4.06478	-1.01038	nan
266	2.96205	6.35134	63.6576	0.0994444	3.00048
267	3.45189	-8.04731	129.994	-0.0618262	nan
268	4.41726	1.65289	101.242	0.0163248	4.8082
269	0.101126	-0.74463	0.197324	-1.31175	nan
270	2.5032	2.43629	18.3862	0.131739	2.71863
271	3.34915	-1.8297	36.5023	-0.0500838	nan
272	4.10986	8.93239	277.559	0.0321709	4.12975
273	3.37817	-6.20703	94.6243	-0.0655027	nan
274	-0.785404	-0.571288	-1.64049	0.335109	1.77703
275	-0.819147	5.18119	-5.01258	-0.801937	nan
276	0.131077	6.01462	0.825284	1.43443	0.136786
277	3.89148	8.25853	206.928	0.039889	3.91467
278	0.580752	1.39119	1.39671	0.783417	0.884179
279	0.829379	-1.23965	2.02775	-0.548719	nan
280	2.57224	3.27722	24.3386	0.133846	2.70272
281	0.119805	7.1404	0.884334	1.44757	0.123535
282	4.36023	4.83528	201.896	0.0239448	4.4251
283	3.31055	0.738752	26.6207	0.0277439	4.27782
284	-1.89651	-9.22881	-30.6176	0.292761	1.91437
285	-4.32226	-8.55747	-329.439	0.02597	4.3439
286	-2.73258	6.9092	-54.6465	-0.125767	nan
287	1.46265	5.6686	12.1501	0.436528	1.50599
288	-3.93333	5.12471	-138.662	-0.0369416	nan
289	-4.48218	-4.06602	-196.577	0.0206812	4.57164
290	1.23446	-4.87389	8.17154	-0.537803	nan
291	2.24512	7.58514	36.3894	0.205501	2.27192
292	1.69542	9.94697	26.6128	0.357688	1.7105
293	-0.679485	-0.198132	-1.32735	0.148175	2.60068
294	4.99492	-0.748994	143.934	-0.00520367	nan
295	-4.1696	2.90093	-110.399	-0.0262707	nan
296	-2.0696	-7.40603	-29.7068	0.244324	2.09742
297	3.3888	-8.9782	135.506	-0.0661603	nan
298	1.71551	5.21237	14.8328	0.337929	1.76849
299	2.11613	-8.51489	35.5887	-0.234843	nan
300	-4.85385	2.70872	-208.511	-0.0129901	nan
301	2.71226	-9.9764	76.0156	-0.130496	nan
302	3.36199	9.92667	145.335	0.0681961	3.37813
303	-1.20316	-2.93071	-5.21124	0.5123	1.33978
304	1.77307	0.0472176	5.14897	0.00917005	5.38495
305	-3.20687	4.12606	-55.5076	-0.0741969	nan
306	3.36671	8.48641	125.567	0.0674822	3.38866
307	-4.45531	-0.896742	-86.5452	0.0103612	5.26283
308	4.22544	-6.20833	221.036	-0.0280801	nan
309	-1.68284	-7.00371	-18.7833	0.356902	1.71275
310	4.33023	-3.70619	156.46	-0.0236833	nan
311	-4.9703	8.47254	-623.909	-0.0135789	nan
312	-1.03214	5.795	-7.43589	-0.662008	nan
313	-1.73474	8.61457	-24.162	-0.342484	nan
314	2.53668	8.04741	51.7805	0.15418	2.5608
315	-3.57569	6.86382	-126.631	-0.0541505	nan
316	0.139169	-1.958	0.371339	-1.38337	nan
317	-4.04216	6.92632	-203.712	-0.0339875	nan
318	-4.64156	-1.52429	-122.295	0.0124634	5.07809
319	0.632657	6.12181	4.31169	0.957179	0.6562
320	4.60022	-8.10799	413.178	-0.0196209	nan
321	4.48907	-4.35062	209.583	-0.0207555	nan
322	-0.451236	-7.85761	-3.76218	1.12426	0.462165
323	-1.43781	9.5573	-19.3242	-0.459299	nan
324	4.79344	6.83307	426.472	0.0160209	4.82699
325	1.68608	-4.05167	11.556	-0.337218	nan
326	1.82903	0.91221	6.12171	0.147924	2.60238
327	-4.2465	-1.97431	-93.3039	0.0211569	4.5489
328	-1.1351	4.67163	-6.9842	-0.589537	nan
329	-1.94939	-6.78604	-24.1584	0.273841	1.98208
330	3.48836	-2.42834	49.4237	-0.0490936	nan
331	3.46692	-3.05287	56.7159	-0.0537755	nan
332	-4.79269	-1.38985	-137.15	0.0101335	5.28505
333	0.357789	6.72991	2.54605	1.20912	0.36983
334	4.78741	4.06593	266.753	0.0152411	4.87689
335	-1.9753	2.13984	-9.88481	-0.213188	nan
336	2.15508	0.771888	8.33612	0.0923322	3.0748
337	-3.44212	-3.30012	-58.6814	0.0561787	3.5721
338	-2.56389	-2.47007	-19.7274	0.124561	2.77481
339	2.8073	4.68993	41.4559	0.112652	2.87554
340	1.86295	1.19151	6.78621	0.173807	2.44043
341	2.88993	2.21407	25.5904	0.0863047	3.1424
342	-4.06717	6.1376	-186.684	-0.0328651	nan
343	-2.71621	-2.63298	-24.0114	0.109219	2.90655
344	3.75837	-6.05752	135.408	-0.0447056	nan
345	-4.36849	-2.51862	-122.144	0.0206171	4.57475
346	4.75872	-0.260787	106.025	-0.00245966	nan
347	-1.51985	-8.08285	-18.0223	0.421598	1.54188
348	-4.1934	2.99277	-115.655	-0.025871	nan
349	-0.272192	-9.45056	-2.65106	1.29731	0.276964
350	2.23706	-3.45894	18.0516	-0.189319	nan
351	2.83291	5.53186	49.2614	0.111828	2.8829
352	-3.05588	-0.406949	-19.5549	0.0208075	4.56555
353	0.207728	2.57513	0.657357	1.32086	0.252577
354	0.0839259	1.08657	0.176664	1.40962	0.161881
355	0.968861	7.286	8.46355	0.71077	0.991167
356	-2.06324	6.20078	-25.0019	-0.243108	nan
357	-1.71615	-6.68636	-18.6381	0.344445	1.74901
358	1.19232	-1.36815	3.38146	-0.384469	nan
359	2.73786	-9.45473	74.0572	-0.126981	nan
360	-2.81999	8.95843	-76.3757	-0.116761	nan
361	2.13294	-3.40501	16.0245	-0.209374	nan
362	-3.98078	9.93049	-270.173	-0.0367395	nan
363	0.906088	-2.76388	3.41464	-0.680459	nan
364	3.72844	7.8397	167.269	0.0468345	3.7541
365	0.938057	-8.16644	9.04661	-0.734309	nan
366	3.31365	5.0342	73.3753	0.0685016	3.37365
367	4.90891	8.19161	568.158	0.0144168	4.93249
368	-1.80125	-7.10896	-21.6043	0.317894	1.83071
369	-0.157345	-9.00799	-1.45136	1.41105	0.16043
370	1.38033	-1.7398	4.66216	-0.357169	nan
371	-0.392242	-4.83033	-2.07418	1.1652	0.4172
372	-1.64178	-6.90927	-17.7452	0.371299	1.67231
373	-2.02733	-6.57143	-25.4214	0.252962	2.06231
374	-2.99067	-8.33875	-84.6629	0.0981769	3.01333
375	-4.674	8.25543	-452.531	-0.0182408	nan
376	4.49648	4.69525	225.5	0.0208185	4.56503
377	-3.4808	-3.77002	-67.7935	0.0555531	3.58331
378	-1.37031	-1.72945	-4.5962	0.359892	1.70422
379	-3.47024	-8.55742	-140.41	0.0608706	3.49184
380	-2.25189	5.0111	-25.0268	-0.197616	nan
381	0.741544	6.2508	5.27799	0.86958	0.766941
382	-1.36961	2.07116	-5.04846	-0.389316	nan
383	4.99815	7.6758	583.937	0.0131442	5.02491
384	3.61971	-7.19856	138.386	-0.0519712	nan
385	-3.05728	-7.30772	-79.8619	0.0912503	3.0866
386	-0.413019	-3.21498	-1.56543	1.11767	0.469482
387	2.93414	8.17362	78.4727	0.103784	2.95769
388	-3.00991	4.8962	-52.7821	-0.0924978	nan
389	-4.78034	-6.19862	-384.492	0.0161202	4.82081
390	-0.081045	-4.24605	-0.374175	1.4829	0.0880093
391	-1.6658	5.84081	-15.5879	-0.358509	nan
392	3.28593	-6.8566	94.6242	-0.0723349	nan
393	0.599717	-1.10956	1.3455	-0.689589	nan
394	-4.17335	-3.03866	-114.637	0.0265007	4.32367
395	4.61767	-1.5692	120.889	-0.0129798	nan
396	3.22486	0.467537	23.3492	0.020021	4.60409
397	-1.05381	-2.63837	-4.02422	0.580318	1.2087
398	-1.56609	-2.48869	-7.03203	0.340152	1.7618
399	-3.69065	2.32837	-58.9281	-0.0394916	nan
400	-3.50494	4.96357	-87.7762	-0.0564879	nan
401	1.3465	1.33403	4.01468	0.320809	1.82143
402	0.496297	2.52553	1.60316	1.0052	0.598418
403	3.32155	-9.58003	134.845	-0.0709259	nan
404	4.17639	5.07088	175.187	0.0289374	4.2357
405	3.13896	-6.95745	82.7763	-0.0838541	nan
406	3.07358	-4.64874	53.7711	-0.0862398	nan
407	4.32029	2.35907	111.569	0.0211414	4.54963
408	4.43435	-3.85435	179.272	-0.0214967	nan
409	-0.0140838	6.58582	-0.0961588	-1.5562	nan
410	3.9321	-6.36561	168.669	-0.0377223	nan
411	-3.38975	-3.06718	-52.6781	0.0581594	3.53743
412	4.91696	-1.42831	156.918	-0.00910199	nan
413	-2.77171	-8.24939	-67.2244	0.122104	2.79479
414	-3.71954	-8.77159	-184.556	0.0474924	3.74014
415	-2.08117	3.67084	-16.1268	-0.223811	nan
416	-2.08706	5.47696	-22.8795	-0.234962	nan
417	-4.35289	2.08244	-106.922	-0.0194737	nan
418	-0.217792	-0.850373	-0.437007	1.09609	0.49361
419	3.89207	7.87486	197.876	0.0397759	3.91751
420	-3.63239	0.794948	-37.167	-0.0213853	nan
421	0.347709	7.87489	2.86572	1.22179	0.356319
422	-3.39627	-2.21492	-42.5532	0.0520036	3.64936
423	-3.03972	2.82385	-34.9133	-0.080706	nan
424	0.191283	9.78239	1.91424	1.37756	0.194455
425	-3.70365	5.52086	-117.794	-0.0468344	nan
426	4.56385	9.15173	447.426	0.0204513	4.58282
427	-3.44597	7.10475	-114.856	-0.0617793	nan
428	4.78834	-4.76712	305.976	-0.0155788	nan
429	-0.508442	9.21442	-4.9819	-1.07515	nan
430	3.36526	-0.258566	26.2828	-0.00983753	nan
431	-2.85826	2.47503	-26.585	-0.0928312	nan
432	-1.08289	-0.393102	-2.4086	0.161781	2.51247
433	-3.43294	5.01312	-82.3884	-0.0607725	nan
434	-2.22781	-5.51066	-26.5851	0.204389	2.27739
435	1.14781	2.48331	4.34594	0.519131	1.32593
436	-1.52721	4.32981	-10.2882	-0.398352	nan
437	-4.47273	-6.48698	-294.813	0.0220002	4.50981
438	-3.32039	8.33856	-117.872	-0.0706247	nan
439	3.11772	-0.833773	22.3672	-0.0372594	nan
440	3.3852	-9.85271	147.683	-0.0666165	nan
441	2.71565	3.70162	30.9697	0.11896	2.82094
442	-3.45162	-2.76844	-52.0417	0.0531465	3.62761
443	-4.62006	1.1927	-109.574	-0.0108845	nan
444	2.86378	3.09773	31.2962	0.0986597	3.00841
445	1.79938	4.42084	14.0345	0.305158	1.87227
446	0.523477	-3.83805	2.32186	-1.02674	nan
447	-3.05317	-9.24446	-99.5263	0.0926189	3.07169
448	4.17814	4.04069	144.27	0.0280005	4.26861
449	-4.02874	-2.19999	-79.8358	0.0275494	4.28486
450	2.40759	8.62102	48.5134	0.175868	2.42859
451	-3.22032	-7.74846	-99.4194	0.0777799	3.24652
452	-4.20862	-8.46751	-291.076	0.0290822	4.23071
453	3.30823	2.69921	44.2852	0.0608752	3.49177
454	2.7839	-1.91433	21.1794	-0.0901418	nan
455	2.88801	-2.47792	27.4139	-0.0901442	nan
456	-3.16868	8.10486	-98.5236	-0.0820784	nan
457	-0.778942	-3.3407	-3.26402	0.797008	0.865049
458	-3.61076	7.84931	-148.849	-0.0526844	nan
459	1.69993	1.32037	5.90551	0.219966	2.20339
460	-4.24555	9.91689	-351.654	-0.0281932	nan
461	-3.41478	-4.53728	-74.1405	0.0611221	3.48772
462	1.00239	-5.53635	6.86308	-0.678804	nan
463	-4.68624	-3.1444	-196.439	0.0160057	4.82794
464	-3.98164	1.11349	-56.7095	-0.0196324	nan
465	-2.79264	8.21558	-68.3888	-0.119558	nan
466	-0.337432	-2.43914	-1.04241	1.16692	0.415326
467	2.69684	-8.32513	62.8822	-0.131627	nan
468	-0.207399	8.49605	-1.81412	-1.36043	nan
469	-3.40637	-1.79779	-38.3161	0.0468855	3.75301
470	2.26945	5.24804	26.5498	0.195152	2.32394
471	1.89573	3.11331	11.7006	0.260055	2.03435
472	2.73039	-0.617946	14.5338	-0.0424922	nan
473	-2.90702	3.40697	-35.1561	-0.0966082	nan
474	0.4621	-6.96666	3.44462	-1.1116	nan
475	-4.32624	-2.12949	-105.462	0.0201892	4.59572
476	4.81381	-8.67628	545.802	-0.015895	nan
477	-1.09211	9.84906	-13.2414	-0.639528	nan
478	-3.39149	-1.57665	-35.5061	0.044376	3.80804
479	0.611011	-1.48072	1.51441	-0.774149	nan
480	-3.20534	-4.15025	-55.695	0.0743799	3.29125
481	3.41074	8.50026	131.437	0.0645818	3.43262
482	1.97312	4.49859	17.0897	0.257395	2.04475
483	3.9087	6.95577	178.954	0.0388495	3.94108
484	2.83081	-4.98718	44.8033	-0.110856	nan
485	0.27022	3.17373	0.997978	1.26614	0.309485
486	0.460384	-4.65154	2.37822	-1.09817	nan
487	0.778497	8.39484	7.3798	0.849656	0.793241
488	-3.93087	7.779	-203.333	-0.0382389	nan
489	0.808108	3.74169	3.73268	0.786603	0.879671
490	3.25608	9.92042	130.613	0.0758072	3.27223
491	-3.77147	5.77698	-131.368	-0.0439472	nan
492	-3.16715	-0.710995	-22.9315	0.0309953	4.16699
493	-4.84247	5.24224	-351.333	-0.0149199	nan
494	3.14763	4.2713	53.8545	0.0791462	3.22908
495	3.86004	-8.77137	212.419	-0.0412693	nan
496	-0.19869	1.23921	-0.437064	-1.23172	nan
497	3.66108	3.70942	80.1483	0.046249	3.76668
498	2.15073	-5.41139	24.1652	-0.220298	nan
499	-4.57625	-6.18968	-313.085	0.0197674	4.61684
500	-4.94344	-8.76062	-627.148	0.0139681	4.96411
501	0.122307	-8.7651	1.09714	-1.44627	nan
502	2.44241	-0.865624	11.3985	-0.0757965	nan
503	-4.26919	-4.63991	-177.797	0.0260908	4.33926
504	-1.47837	6.1133	-13.2483	-0.432326	nan
505	3.15776	4.90917	61.3734	0.0798186	3.22061
506	4.19779	4.40187	158.183	0.0278205	4.27506
507	1.11575	4.93188	7.15115	0.603755	1.16669
508	-4.9238	-8.5375	-599.929	0.0142299	4.94554
509	-4.89649	9.48888	-646.182	-0.0146835	nan
510	-0.183139	3.96178	-0.801396	-1.37121	nan
511	2.83461	2.73041	27.7408	0.0981096	3.01401
512	4.96031	-4.24601	328.891	-0.0129094	nan
513	-1.30719	-0.0362799	-3.08332	0.011766	5.13568
514	-4.87821	3.84149	-278.693	-0.0137831	nan
515	1.99454	4.31028	16.8454	0.250498	2.0722
516	1.41096	8.12399	16.0429	0.468748	1.43229
517	-0.0210124	-6.31222	-0.137933	1.54895	0.0218499
518	-4.70995	-0.216127	-100.652	0.00214728	6.8367
519	3.77835	5.54984	127.544	0.0434857	3.82831
520	-1.95397	-0.762971	-6.75944	0.112399	2.87779
521	-1.62588	7.79016	-19.5333	-0.379484	nan
522	4.60018	-9.61379	486.558	-0.0197562	nan
523	0.553852	-2.81461	1.94646	-0.965759	nan
524	-2.59393	7.72591	-52.783	-0.145339	nan
525	4.68847	-1.82686	139.359	-0.0131082	nan
526	-1.99232	-9.79542	-35.8347	0.266832	2.00833
527	4.22949	-9.85137	343.836	-0.0286436	nan
528	3.97403	3.17962	97.1533	0.0327162	4.11294
529	-0.0835364	-7.9929	-0.685216	1.48528	0.0856235
530	1.7063	-4.46987	12.8346	-0.335131	nan
531	-2.5149	4.04275	-27.1818	-0.147648	nan
532	3.26511	-6.72982	91.067	-0.0737656	nan
533	-4.06801	-2.15896	-82.111	0.0262871	4.33177
534	-2.78348	-3.89959	-34.6033	0.112221	2.87938
535	-0.190614	-7.31507	-1.44466	1.37581	0.19623
536	-2.21676	5.78967	-27.4916	-0.207565	nan
537	3.48951	-3.58795	65.7103	-0.0545483	nan
538	-1.29634	4.81591	-8.69487	-0.505817	nan
539	0.471665	-5.45471	2.81084	-1.09498	nan
540	1.30356	-2.13053	4.75658	-0.421116	nan
541	-3.88145	9.09696	-224.756	-0.0404527	nan
542	-3.71717	-9.09008	-190.538	0.0476713	3.73638
543	1.5524	2.35296	6.682	0.338575	1.76654
544	3.1015	-6.03619	69.8744	-0.0861723	nan
545	4.90185	-9.15274	627.458	-0.014586	nan
546	4.9326	4.54487	339.087	0.0134025	5.00545
547	2.85428	3.88611	37.0551	0.104492	2.95088
548	-3.03707	-8.06183	-85.8913	0.0935866	3.06129
549	2.44212	9.33514	54.2398	0.170439	2.4601
550	-2.18608	-2.95172	-15.1911	0.191915	2.34077
551	-4.80696	-1.08931	-128.71	0.00846313	5.46518
552	-4.05125	1.2861	-63.5489	-0.0202352	nan
553	-2.26956	-9.04195	-44.123	0.202128	2.28859
554	-4.02482	9.6507	-274.646	-0.0351242	nan
555	-0.349367	-3.62806	-1.44391	1.19203	0.388163
556	1.57944	-8.75512	20.7642	-0.399026	nan
557	-3.69217	-8.75903	-179.32	0.0488069	3.71283
558	3.46212	-4.33759	74.795	-0.0579282	nan
559	-0.954069	9.9151	-11.1407	-0.727256	nan
560	1.50396	-5.91127	13.215	-0.420619	nan
561	4.65863	-4.79877	270.311	-0.0177509	nan
562	3.50262	-3.09014	59.3144	-0.0520506	nan
563	1.98381	3.64927	14.5119	0.246359	2.08904
564	-3.38076	-0.817656	-29.0215	0.0281667	4.2627
565	-1.17071	7.63957	-11.4362	-0.588936	nan
566	-0.905809	-7.85622	-8.34074	0.755493	0.924318
567	0.291103	5.13895	1.60756	1.26762	0.307929
568	-4.8465	9.70048	-627.908	-0.0154477	nan
569	-2.02124	-2.06167	-10.1472	0.200447	2.297
570	4.77267	8.55078	516.541	0.0165524	4.79435
571	-3.48086	-5.65117	-96.2494	0.0586464	3.52909
572	0.418307	0.975303	0.881572	0.835833	0.81176
573	-4.04309	-4.4906	-137.844	0.0325659	4.11755
574	3.2331	-2.63286	40.375	-0.0651179	nan
575	4.77987	-9.4333	571.795	-0.0164962	nan
576	-2.76184	3.51182	-31.1078	-0.112416	nan
577	1.53855	-3.15479	8.06913	-0.372698	nan
578	-1.25654	2.76285	-5.3231	-0.478755	nan
579	-2.42651	-4.77368	-28.6489	0.16511	2.49202
580	4.41896	-1.00079	85.4677	-0.0117091	nan
581	-0.165965	1.2448	-0.364884	-1.28566	nan
582	0.645519	-1.52968	1.63296	-0.752752	nan
583	-4.63827	9.12758	-480.779	-0.0189827	nan
584	3.61846	-8.92719	169.631	-0.0525787	nan
585	0.353312	-3.7646	1.50516	-1.19044	nan
586	4.20029	8.42859	287.391	0.0293196	4.22258
587	-0.360692	-4.31112	-1.72186	1.19081	0.389478
588	1.54139	-7.68044	17.5796	-0.411902	nan
589	-2.57162	-2.57538	-20.4402	0.125336	2.7686
590	-2.18734	-5.27845	-24.5364	0.211898	2.24105
591	2.54475	-0.904916	12.7543	-0.070831	nan
592	-4.45949	-1.14262	-92.1375	0.0124006	5.08314
593	-1.9949	3.32375	-13.6367	-0.239074	nan
594	1.10565	5.24273	7.45601	0.61284	1.1508
595	-2.75621	-7.23358	-58.4278	0.123177	2.78601
596	2.57357	7.84072	52.4362	0.148429	2.59896
597	-0.481973	-1.04291	-1.04192	0.785873	0.880702
598	-4.12768	-7.85955	-250.026	0.0314246	4.15323
599	2.30362	-6.27563	32.3509	-0.191606	nan
600	2.74106	-1.90805	20.249	-0.0939521	nan
601	-4.30059	-0.0582052	-66.3915	0.000876696	7.7325
602	0.872857	0.209271	1.79036	0.116359	2.84309
603	-1.39295	-2.71223	-6.14965	0.415376	1.55719
604	-2.1859	3.14064	-15.9027	-0.194982	nan
605	2.33094	-7.6823	40.2031	-0.188811	nan
606	1.7531	8.61439	24.6378	0.336355	1.77324
607	1.02494	-7.6309	9.5186	-0.675767	nan
608	3.70028	1.14486	43.1275	0.0265397	4.3222
609	0.819591	9.72914	9.04809	0.821652	0.830999
610	-1.18023	7.9089	-11.9554	-0.58444	nan
611	2.46468	7.91615	47.389	0.165518	2.48954
612	3.37137	5.18895	79.8688	0.0648772	3.42806
613	-4.66603	-4.00573	-233.337	0.0171655	4.75798
614	-2.16035	1.87069	-11.1097	-0.166819	nan
615	0.333735	-1.82091	0.870451	-1.12488	nan
616	-2.00491	7.0641	-26.5741	-0.259818	nan
617	3.20262	-7.20117	91.1369	-0.078851	nan
618	4.95775	9.72169	703.286	0.0138224	4.9746
619	-3.76754	-2.21315	-61.6909	0.0358594	4.02119
620	1.8152	-3.94783	12.9719	-0.29543	nan
621	4.42913	0.721185	81.2932	0.00887117	5.41809
622	0.478993	0.867266	0.994064	0.717381	0.981073
623	-1.9319	1.08073	-7.094	-0.151181	nan
624	1.89009	-6.49911	21.8124	-0.289579	nan
625	4.74154	2.11121	158.975	0.0132794	5.01467
626	1.5764	9.09463	21.4661	0.400747	1.59406
627	-3.24373	5.23936	-70.8838	-0.0737805	nan
628	-1.05832	5.71367	-7.59139	-0.645196	nan
629	4.82718	0.761587	122.009	0.00624198	5.7696
630	-0.00426483	-3.35803	-0.0162492	1.56596	0.00483889
631	0.778934	3.0757	3.06523	0.787104	0.878964
632	-3.32399	7.35448	-104.998	-0.0699296	nan
633	3.35334	-0.819032	28.2429	-0.0289914	nan
634	-2.73347	-2.8476	-25.807	0.109897	2.90035
635	0.235127	3.56097	0.946838	1.31092	0.262856
636	4.64688	0.156003	94.1762	0.0016565	7.0962
637	0.967057	6.65778	7.75889	0.709169	0.993624
638	-1.32419	8.67555	-15.4751	-0.510956	nan
639	4.96837	6.66627	496.418	0.0134279	5.00355
640	0.00713944	-0.0147957	0.0128515	-0.855604	nan
641	-4.33592	-7.74997	-303.859	0.0254996	4.36219
642	3.14538	8.75482	103.615	0.0842935	3.166
643	1.11652	-9.41312	13.0663	-0.624295	nan
644	-3.17365	0.82076	-23.5939	-0.0347729	nan
645	-2.74376	-8.85154	-69.9178	0.125929	2.76386
646	-3.88716	-2.84537	-82.0711	0.0346557	4.05534
647	-1.10579	9.93467	-13.583	-0.631492	nan
648	-4.03632	3.23405	-104.744	-0.0308658	nan
649	-2.67921	0.987583	-14.8903	-0.0662271	nan
650	-0.843335	-7.8496	-7.62583	0.799857	0.861071
651	-4.09159	5.41427	-170.65	-0.0317167	nan
652	-1.18485	-7.70452	-11.7272	0.581264	1.20697
653	-4.9253	1.06178	-143.908	-0.007378	nan
654	2.63334	-3.00131	24.2324	-0.123228	nan
655	-1.50242	-2.45974	-6.50744	0.361388	1.69998
656	-0.418219	1.98823	-1.15464	-1.04466	nan
657	-1.90748	2.0019	-8.86741	-0.222037	nan
658	2.99638	0.274976	18.1751	0.0151281	4.88433
659	0.762877	3.34768	3.18918	0.80964	0.847497
660	2.21868	-1.13478	9.66731	-0.116849	nan
661	3.86744	0.0514498	43.0365	0.00119549	7.42234
662	2.35826	-9.42489	50.2692	-0.185336	nan
663	-2.0358	8.5564	-32.9104	-0.254359	nan
664	3.71864	-1.57343	49.2305	-0.0319497	nan
665	-2.33644	2.92552	-17.5999	-0.164717	nan
666	4.59531	6.76876	346.729	0.0195193	4.62947
667	1.3159	-7.232	12.8926	-0.511204	nan
668	-4.07692	-1.51805	-69.3998	0.0218705	4.51572
669	3.07215	7.19013	79.8345	0.0898206	3.10242
670	2.27685	-6.11212	30.7219	-0.196386	nan
671	-3.22406	6.39679	-83.3649	-0.0765824	nan
672	-4.58654	8.13102	-408.665	-0.0198939	nan
673	-0.971996	7.34179	-8.5604	-0.708916	nan
674	-3.22663	0.198566	-22.7767	-0.00871775	nan
675	-1.34744	7.12132	-13.1762	-0.495496	nan
676	4.03001	4.88704	146.459	0.0333556	4.09358
677	-1.75941	-0.736389	-5.48129	0.133546	2.70497
678	1.75459	-1.21921	6.09613	-0.197393	nan
679	4.37443	2.03594	107.862	0.0188732	4.66313
680	-0.972913	-3.48471	-4.44704	0.664662	1.06383
681	-3.7466	1.9555	-56.2832	-0.03473	nan
682	3.08275	3.5266	43.1031	0.0816361	3.19808
683	-4.19154	5.55269	-192.946	-0.0287706	nan
684	2.06719	6.5803	26.5243	0.243176	2.10217
685	-2.43468	0.797974	-11.1487	-0.0714538	nan
686	-4.22872	-4.26933	-158.956	0.0268522	4.3105
687	2.71261	1.82718	19.2395	0.0946864	3.04958
688	4.69265	-1.2385	119.223	-0.0103877	nan
689	2.27482	5.96141	29.9636	0.196391	2.31757
690	-3.29411	-8.2035	-113.03	0.0724508	3.31756
691	1.88747	5.37942	18.2974	0.285942	1.93827
692	-4.06739	-1.35036	-65.6921	0.020553	4.57786
693	2.2367	4.41896	22.0815	0.197512	2.31185
694	4.70826	3.56041	221.122	0.0161002	4.82205
695	-0.0640485	7.07437	-0.467859	-1.50476	nan
696	-0.544532	-3.89003	-2.45109	1.00854	0.59446
697	0.0925944	-7.5305	0.71795	-1.47574	nan
698	-2.59747	8.58822	-58.5951	-0.145533	nan
699	1.12157	0.595497	2.60116	0.225057	2.18032
700	4.25857	7.65635	278.011	0.0275328	4.28546
701	0.174593	8.77384	1.57171	1.39354	0.178192
702	0.954534	5.71213	6.62527	0.711519	0.99002
703	1.87759	-6.71769	22.202	-0.293815	nan
704	-2.12642	2.4524	-12.5723	-0.192646	nan
705	-1.21976	-1.04288	-3.21516	0.313655	1.84436
706	-3.81643	-5.34388	-128.058	0.041706	3.87011
707	2.72728	-5.24414	42.2094	-0.123607	nan
708	0.894095	-5.89437	6.27446	-0.754173	nan
709	-3.3362	-3.15863	-51.0364	0.0618108	3.47651
710	-3.50908	5.68221	-99.5036	-0.0570436	nan
711	0.484669	-8.33399	4.29606	-1.09484	nan
712	-4.69409	-6.99369	-394.624	0.0177206	4.72615
713	-1.49983	4.67107	-10.657	-0.413092	nan
714	3.3641	0.928121	29.2366	0.0317345	4.14341
715	-0.534628	9.00067	-5.14443	-1.05155	nan
716	-2.88252	7.0464	-64.7384	-0.108417	nan
717	4.42068	-3.35207	158.166	-0.0211902	nan
718	0.87701	-0.176128	1.79745	-0.0976757	nan
719	-0.0916097	0.630412	-0.174963	-1.30007	nan
720	-2.33421	-2.11117	-14.1831	0.147766	2.60345
721	-1.2066	1.22635	-3.3138	-0.354443	nan
722	-4.4048	-2.80189	-136.258	0.0205603	4.57751
723	4.31029	5.92944	230.664	0.0257003	4.35435
724	-1.96906	-8.04584	-28.957	0.271018	1.99257
725	-3.24056	-8.1633	-106.619	0.0764158	3.26423
726	-0.305772	1.77146	-0.784312	-1.15399	nan
727	-3.5634	-0.290033	-32.1386	0.00902421	5.40099
728	2.70892	-2.5127	23.0989	-0.108354	nan
729	4.54187	-9.67381	461.761	-0.0209468	nan
730	-3.84563	-6.96953	-168.319	0.0413831	3.87789
731	1.56542	-0.134684	4.12961	-0.0326028	nan
732	-1.82068	-0.409031	-5.55073	0.0735566	3.3024
733	2.70977	6.09393	47.527	0.127525	2.75124
734	0.372722	8.67567	3.37947	1.19934	0.380301
735	-4.03753	2.52597	-87.8841	-0.0287341	nan
736	-3.00484	-4.53528	-49.1196	0.0920704	3.07764
737	-2.24143	-3.35827	-17.7185	0.187313	2.36519
738	-1.24747	7.54749	-12.3925	-0.547037	nan
739	-4.65401	-0.0298375	-94.5095	0.000315709	8.75384
740	-0.73977	-6.64408	-5.56962	0.873144	0.762284
741	-3.5255	-6.15258	-108.79	0.0564944	3.56649
742	-3.19027	2.19174	-34.3938	-0.0636389	nan
743	-1.71103	5.58189	-15.7003	-0.341591	nan
744	-2.58036	3.83607	-27.8102	-0.137072	nan
745	-3.61074	8.72743	-164.705	-0.0529387	nan
746	0.969841	0.237523	2.05016	0.115342	2.8519
747	-3.97315	6.40093	-176.646	-0.03622	nan
748	0.195569	-6.13134	1.25769	-1.36848	nan
749	-4.68699	-8.47961	-470.342	0.0180267	4.70902
750	1.58523	5.78869	14.1716	0.387787	1.6278
751	-4.72317	-4.57468	-276.566	0.0165395	4.79513
752	-3.29724	6.61104	-92.501	-0.0713486	nan
753	-4.15659	0.521755	-59.8187	-0.00872204	nan
754	4.56509	-9.08911	445.032	-0.0204207	nan
755	-0.357874	-9.57761	-3.56251	1.21469	0.363879
756	4.54279	1.38154	106.58	0.0129617	5.03889
757	-0.243197	5.17315	-1.34525	-1.31639	nan
758	2.60015	1.57406	16.0107	0.097998	3.01515
759	-2.41582	-5.49011	-32.094	0.169424	2.4661
760	3.88533	1.40415	55.5457	0.0252738	4.37108
761	-0.227874	0.259229	-0.418	-0.555116	nan
762	-1.56702	6.25796	-14.9237	-0.397058	nan
763	-1.24611	-6.62896	-10.9532	0.544242	1.27639
764	3.53615	4.24372	79.0686	0.0536199	3.61874
765	2.10794	-3.81369	17.1	-0.219432	nan
766	1.68207	1.01625	5.36473	0.187213	2.36573
767	0.057007	-3.76616	0.238088	-1.50766	nan
768	1.08877	-2.08436	3.62702	-0.521592	nan
769	4.04303	2.55686	89.0879	0.0286926	4.2442
770	-3.41145	7.66985	-119.261	-0.0642231	nan
771	3.58283	-6.69572	124.62	-0.0536775	nan
772	2.54396	-7.29559	47.5337	-0.152294	nan
773	1.51433	2.59883	6.83857	0.363169	1.69496
774	-0.703827	1.54385	-1.8103	-0.706125	nan
775	3.72791	9.85596	208.234	0.0472959	3.74429
776	4.5425	-8.29999	398.807	-0.0208091	nan
777	1.00408	-8.83461	10.6526	-0.692376	nan
778	-1.67944	7.19069	-19.184	-0.358619	nan
779	-3.05175	-1.56215	-25.1503	0.0620329	3.47292
780	2.48065	4.57827	29.1852	0.155601	2.55158
781	3.52213	-7.15071	124.716	-0.0572732	nan
782	-0.981469	8.8862	-10.3977	-0.707175	nan
783	-4.78791	-0.809975	-118.472	0.00683675	5.67859
784	3.37257	5.60964	85.7755	0.0653061	3.42146
785	0.625801	-4.3103	3.11771	-0.944592	nan
786	-1.57868	-5.83359	-14.1706	0.390524	1.62059
787	-2.60104	8.56756	-58.6715	-0.145001	nan
788	-2.49195	-4.3746	-28.3875	0.1529	2.56917
789	-1.94448	-1.6916	-8.45637	0.197433	2.31225
790	4.63199	-0.174549	92.8716	-0.00187947	nan
791	3.17636	-9.97587	121.226	-0.0821068	nan
792	-2.18755	7.85313	-35.4543	-0.217981	nan
793	3.76331	-0.135674	38.8708	-0.00349038	nan
794	-0.137373	2.32983	-0.405723	-1.39838	nan
795	-1.28586	-3.03144	-5.89014	0.47531	1.41786
796	-4.73211	-5.28304	-316.811	0.0166741	4.78702
797	4.00105	-8.65679	241.55	-0.0358232	nan
798	2.6695	-7.34702	54.325	-0.134427	nan
799	-0.724073	1.02617	-1.63482	-0.560535	nan
800	3.42748	-8.55901	134.546	-0.0635285	nan
801	4.33951	8.14927	319.876	0.0254708	4.36332
802	2.36724	-7.59923	41.2895	-0.182011	nan
803	-0.166775	-5.95998	-1.04313	1.39753	0.174142
804	-4.66103	4.14616	-238.964	-0.0173489	nan
805	2.25944	8.89965	43.0083	0.204049	2.27906
806	-1.82656	2.10506	-8.38044	-0.246096	nan
807	-0.101899	-5.24314	-0.565858	1.46329	0.107715
808	-0.746717	-0.13285	-1.47653	0.0897326	3.1034
809	3.59633	6.90718	130.04	0.053066	3.62913
810	4.52185	-2.46232	140.296	-0.0175491	nan
811	-2.10164	-4.68041	-20.2022	0.227662	2.16871
812	-1.78894	6.5829	-19.8457	-0.320284	nan
813	-0.600906	1.14843	-1.36165	-0.700657	nan
814	0.830978	-7.51225	7.18392	-0.807736	nan
815	0.76853	-6.63434	5.81865	-0.850806	nan
816	-1.64837	-8.39614	-21.4937	0.372405	1.66927
817	3.00894	2.36203	30.0185	0.0785239	3.23699
818	-0.703391	-3.77889	-3.19303	0.869233	0.767396
819	4.08109	1.85299	76.4577	0.0242307	4.41323
820	1.59821	2.06636	6.49736	0.307915	1.86313
821	4.65392	-3.24315	194.706	-0.0166551	nan
822	-3.81173	-7.50166	-174.375	0.0429938	3.83969
823	-0.217085	2.89389	-0.745656	-1.31862	nan
824	-1.17559	3.74976	-6.09648	-0.551427	nan
825	1.09873	-7.33881	10.0766	-0.629471	nan
826	-1.70418	-4.40487	-12.6455	0.33519	1.77678
827	3.64734	1.56482	45.7297	0.0342056	4.06841
828	0.00184764	2.1067	0.00511974	1.56837	0.00243021
829	3.66273	-1.07335	40.8057	-0.0262978	nan
830	0.113694	1.70619	0.282584	1.40666	0.164875
831	-2.02488	-4.15491	-16.8515	0.241739	2.10816
832	4.24062	4.17926	157.982	0.0264478	4.32567
833	0.452121	-2.41893	1.41014	-1.043	nan
834	2.48985	-6.32835	39.3988	-0.159262	nan
835	-0.298431	8.54721	-2.64557	-1.27063	nan
836	-3.51839	-7.0822	-123.13	0.0574546	3.54963
837	4.74778	-8.26434	487.689	-0.0169443	nan
838	0.627393	9.17433	6.2581	0.972164	0.637967
839	-3.53349	5.37776	-97.0137	-0.0553763	nan
840	1.96723	6.59131	23.952	0.268541	2.00186
841	0.0997747	-6.17185	0.642514	-1.46707	nan
842	4.84982	2.01625	172.589	0.0116818	5.14286
843	3.52278	-5.32719	95.1675	-0.0559187	nan
844	2.94889	4.10293	42.6365	0.0959351	3.03646
845	-1.01448	-0.679141	-2.30414	0.286631	1.93583
846	2.83893	7.64017	66.8721	0.113757	2.86576
847	4.18	6.54552	221.817	0.0295002	4.21643
848	-4.70237	-5.6306	-325.712	0.0172853	4.75102
849	3.28739	2.19658	37.9629	0.0577969	3.54369
850	-1.01829	-8.74374	-10.7448	0.683077	1.03432
851	1.95608	-8.48008	30.0386	-0.275146	nan
852	-2.32585	-0.969045	-10.362	0.0932476	3.06492
853	-3.37083	-7.03553	-105.549	0.0665581	3.40246
854	-3.06879	5.66267	-63.7842	-0.0885464	nan
855	-3.76265	2.39183	-64.418	-0.0371128	nan
856	-0.227799	2.74911	-0.755033	-1.30276	nan
857	2.14894	-5.46484	24.3355	-0.220897	nan
858	-3.76962	7.93995	-176.427	-0.0449738	nan
859	3.37392	-8.98208	133.556	-0.0671523	nan
860	-0.881551	7.54487	-7.75856	-0.771435	nan
861	3.28102	8.36718	113.682	0.0734695	3.30358
862	3.61931	-0.450946	34.5936	-0.0130348	nan
863	0.474392	6.20021	3.17895	1.09703	0.492557
864	3.45279	2.02191	42.7128	0.0473021	3.74416
865	1.13904	7.52498	10.8462	0.606546	1.16179
866	-3.82245	-7.7078	-180.838	0.0425968	3.84897
867	-2.52068	9.73357	-61.157	-0.157833	nan
868	-3.95246	2.13338	-72.6348	-0.0293629	nan
869	-2.14318	-0.745806	-8.1922	0.0907883	3.09169
870	2.61724	-4.10865	30.5581	-0.133652	nan
871	2.93036	1.16902	20.0475	0.0582464	3.53594
872	3.84625	7.96079	190.969	0.0416623	3.87116
873	-1.49925	4.28145	-9.88109	-0.408877	nan
874	-0.833401	6.07184	-5.91049	-0.798863	nan
875	4.69665	-6.78789	384.729	-0.0176415	nan
876	-2.05552	5.80036	-23.3299	-0.243683	nan
877	3.29256	-3.93389	58.1314	-0.0675694	nan
878	1.52476	-6.6906	15.1609	-0.415602	nan
879	-4.48403	-6.12114	-282.582	0.021658	4.52549
880	0.988744	-4.36147	5.46336	-0.673712	nan
881	-1.61639	6.81504	-17.0447	-0.380362	nan
882	0.190817	-5.87411	1.17945	-1.37264	nan
883	-3.06086	-7.81408	-85.3958	0.0912502	3.0866
884	4.35589	-1.05137	81.218	-0.0129443	nan
885	4.8175	-4.70909	311.676	-0.0151078	nan
886	-2.85606	-3.64107	-35.2056	0.103057	2.96474
887	2.26932	0.978442	9.80268	0.0994842	3.00008
888	2.33326	-9.81416	50.9595	-0.190258	nan
889	-3.26609	-6.45664	-87.7088	0.073482	3.30341
890	1.59572	-1.31296	5.2682	-0.244248	nan
891	-3.46672	9.6721	-157.412	-0.0613673	nan
892	-0.507463	2.14715	-1.48364	-0.96615	nan
893	3.61	6.48881	124.37	0.0521259	3.64701
894	-1.3267	4.38868	-8.30873	-0.485953	nan
895	0.286773	-0.411641	0.536805	-0.654188	nan
896	0.776758	9.94517	8.6641	0.85413	0.787296
897	4.23754	0.551249	65.1564	0.00846019	5.46553
898	2.41799	-1.81748	14.2404	-0.126942	nan
899	-3.18955	6.61314	-83.0542	-0.0794568	nan
900	3.54604	-3.57073	69.2721	-0.0515009	nan
901	3.35547	-9.27631	135.24	-0.0684844	nan
902	-3.48823	6.74787	-114.176	-0.0590319	nan
903	-4.2989	-3.2577	-136.976	0.0237785	4.43207
904	3.88309	6.28353	158.68	0.0395782	3.92249
905	3.61927	-1.86533	48.323	-0.0385821	nan
906	4.71986	-6.79362	394.073	-0.0172378	nan
907	-0.173132	0.326767	-0.318317	-0.798497	nan
908	-4.01304	5.62194	-163.21	-0.0344324	nan
909	3.96174	9.84573	262.882	0.0374356	3.97816
910	-1.37076	3.23813	-6.82502	-0.442999	nan
911	1.58416	-9.92397	23.551	-0.398802	nan
912	3.92092	-2.33249	74.2855	-0.0313887	nan
913	-1.09223	5.77466	-8.00075	-0.625184	nan
914	-2.67774	-9.70739	-71.4969	0.134948	2.69449
915	3.98167	-0.104514	48.3103	-0.00216338	nan
916	1.71846	4.42255	12.8839	0.330659	1.79065
917	4.92494	6.79139	483.637	0.0140414	4.95888
918	1.41231	-6.68295	13.3641	-0.463701	nan
919	-0.172952	6.39659	-1.15501	-1.39216	nan
920	3.71044	2.88562	69.4612	0.041519	3.87461
921	-0.690105	2.80438	-2.4866	-0.845387	nan
922	-3.37749	9.16068	-136.597	-0.0669633	nan
923	1.74407	5.19654	15.2494	0.328429	1.79754
924	-0.867896	6.53873	-6.65331	-0.776713	nan
925	-1.81147	9.25849	-28.0881	-0.318408	nan
926	3.69528	-7.00171	145.426	-0.0481092	nan
927	1.12264	-3.4882	5.39239	-0.574175	nan
928	-3.07889	6.26465	-70.6832	-0.0883991	nan
929	-4.9922	-7.78626	-588.395	0.0132323	5.01823
930	-1.86529	0.0421837	-5.67424	-0.00743412	nan
931	4.49097	-0.409811	82.3317	-0.00497752	nan
932	-3.84818	7.1763	-173.447	-0.041351	nan
933	-3.9949	-4.73442	-137.522	0.0344131	4.06237
934	4.31123	-2.41603	112.256	-0.0215192	nan
935	-3.1001	-6.75969	-77.4903	0.0870125	3.13422
936	4.92123	2.20514	195.219	0.0112952	5.17651
937	0.856739	-1.5738	2.30841	-0.598385	nan
938	4.55352	1.95301	126.1	0.0154866	4.86091
939	2.15238	9.98992	43.0854	0.227837	2.16793
940	0.2711	-7.23492	2.04603	-1.29519	nan
941	1.33349	3.95957	7.67842	0.476109	1.41611
942	4.2664	-9.33585	338.717	-0.0275554	nan
943	-3.77871	2.53201	-67.9365	-0.0372531	nan
944	-2.2333	9.86623	-46.2512	-0.210168	nan
945	0.828929	3.60537	3.73625	0.767572	0.906812
946	-2.31424	9.13132	-46.6208	-0.193415	nan
947	-4.93792	-3.33812	-264.476	0.012621	5.06553
948	-1.92397	7.64045	-26.3043	-0.282685	nan
949	-3.50832	-8.82151	-150.185	0.0586701	3.52868
950	-1.55836	-2.65166	-7.27595	0.349482	1.7342
951	-3.2537	-9.85369	-129.453	0.0759715	3.27006
952	4.55	3.7991	198.893	0.0190989	4.65124
953	-4.26453	-7.99873	-291.538	0.0274294	4.28922
954	2.68278	-0.94141	14.7853	-0.0635861	nan
955	-1.13655	-3.90696	-6.01172	0.576298	1.21605
956	-2.10565	0.75488	-7.896	-0.0953131	nan
957	3.63093	-9.98164	191.297	-0.0521315	nan
958	-0.747036	9.1325	-7.6186	-0.875529	nan
959	4.98122	-1.35274	163.97	-0.00824972	nan
960	2.26138	-6.00515	29.7536	-0.199154	nan
961	-4.31163	8.92399	-339.334	-0.0262925	nan
962	2.78823	3.63265	32.8199	0.110236	2.89727
963	-2.98894	9.69894	-97.7298	-0.0989186	nan
964	-4.91699	0.419018	-126.211	-0.00331995	nan
965	1.21513	5.38704	8.73003	0.552876	1.25983
966	-0.0409618	3.10866	-0.147183	-1.52349	nan
967	3.59283	9.45545	174.743	0.0540578	3.6106
968	-1.10988	-7.54146	-10.484	0.623582	1.13226
969	-4.64504	1.48965	-121.564	-0.0122534	nan
970	-1.74988	-0.440662	-5.17041	0.0850222	3.15739
971	-3.10175	-2.28731	-32.2963	0.0707048	3.34197
972	-1.43607	7.78048	-15.8374	-0.456641	nan
973	3.27324	6.84279	93.2525	0.0732479	3.30661
974	3.40879	3.22365	55.7434	0.0577658	3.54423
975	-0.0647722	2.74829	-0.212944	-1.49347	nan
976	-4.73646	8.53541	-497.313	-0.0171614	nan
977	-2.66393	-5.31317	-40.0621	0.131854	2.71776
978	0.741464	3.57121	3.24453	0.833292	0.815188
979	0.676442	-2.07905	2.00536	-0.80344	nan
980	-1.31794	-1.17094	-3.72353	0.304679	1.87386
981	-0.00340139	5.66575	-0.0202206	-1.56723	nan
982	2.09184	-4.81115	20.4867	-0.230663	nan
983	-0.489875	-6.65627	-3.51459	1.08499	0.506126
984	4.04541	2.25842	82.4762	0.0273758	4.29118
985	-1.40951	0.701594	-3.71861	-0.186479	nan
986	-4.15643	5.67526	-190.011	-0.0298592	nan
987	2.06646	1.90345	10.178	0.184881	2.37834
988	-4.38844	6.99288	-290.647	-0.0240551	nan
989	4.6653	-0.679577	102.153	-0.00665242	nan
990	-0.823815	8.27047	-7.78875	-0.815385	nan
991	0.889213	-9.97796	10.2517	-0.771865	nan
992	0.230516	8.571	2.03678	1.33749	0.235455
993	-3.593	4.82159	-93.4512	-0.0515491	nan
994	-1.73622	-1.29434	-6.09652	0.209202	2.25394
995	2.98381	-2.20433	28.0496	-0.0784257	nan
996	-4.10783	-0.464499	-56.5107	0.00821948	5.49439
997	-3.41603	-6.41649	-101.347	0.0632277	3.45383
998	-0.980539	0.160375	-2.06987	-0.0773262	nan
999	-2.2872	-1.94248	-12.9046	0.149404	2.59238
1000	-3.66385	3.49034	-76.5508	-0.0455635	nan
