n	y	eta
1	4.63642	4.70111
2	-3.3358	3.36748
3	1.13584	1.17075
4	-3.91096	6.59962
5	-0.711463	0.729972
6	0.879278	0.911889
7	3.8259	3.94258
8	-3.96915	4.03076
9	4.30793	4.34149
10	1.6771	1.76497
11	-2.46278	2.52885
12	2.99914	3.07274
13	-3.69884	3.74692
14	4.04906	4.23587
15	-3.9029	3.92422
16	3.26952	3.29069
17	-1.64587	1.6607
18	-2.73645	2.7555
19	2.91167	3.03867
20	-0.449523	0.470147
21	-0.22149	0.225569
22	-4.92674	5.09685
23	2.16196	2.18667
24	-3.94294	4.09856
25	4.47583	4.52601
26	4.51267	4.55506
27	-4.61255	4.67148
28	-0.212609	0.220012
29	4.7168	4.94646
30	3.00835	3.03028
31	-0.418856	0.503636
32	-3.45257	3.49632
33	1.2116	1.40296
34	2.42524	2.77457
35	2.16357	2.20393
36	1.32348	1.35881
37	-2.59453	2.76282
38	0.546493	0.555805
39	2.50085	2.63315
40	1.03733	1.11007
41	-0.662291	1.10996
42	3.98973	5.20847
43	-1.93818	2.14304
44	1.41378	1.48019
45	2.61357	3.21637
46	-1.40748	1.45008
47	-4.29999	6.16031
48	-4.87001	4.9678
49	3.95093	4.00796
50	-3.96512	4.21097
51	4.53095	4.5973
52	3.05659	3.0968
53	-1.2449	1.39198
54	-3.49615	3.52349
55	-4.79336	4.85102
56	3.23263	4.01594
57	-1.90882	1.97999
58	4.26951	4.50251
59	-4.00052	4.49524
60	3.93162	3.96095
61	-4.89458	4.95515
62	-4.19222	4.21416
63	2.66409	2.68724
64	2.71703	2.84823
65	3.493	3.52023
66	-2.27047	2.31103
67	1.11026	1.12782
68	4.96037	4.97677
69	-0.610798	0.627654
70	-3.87869	4.76009
71	4.0054	4.02578
72	4.14018	4.18492
73	1.57631	1.60654
74	3.24957	3.30562
75	-0.90702	0.963271
76	1.18885	1.53929
77	4.70533	4.79565
78	0.00382447	0.00408452
79	2.9344	3.00477
80	-1.01556	1.14535
81	-3.52723	3.64606
82	-0.548655	0.577173
83	2.50009	3.08949
84	2.44839	2.48704
85	0.875932	0.897261
86	1.48513	3.4555
87	2.92364	3.47416
88	1.97791	2.67574
89	-0.964991	2.21439
90	-2.92426	2.96284
91	-2.59133	2.62668
92	-2.67361	2.71848
93	0.261222	0.279119
94	4.48341	4.59194
95	-4.94893	5.09387
96	4.62302	4.65466
97	-4.81817	5.14466
98	4.10686	4.15891
99	3.48608	3.62707
100	4.57121	5.11026
101	0.124955	0.162981
102	4.24334	4.3375
103	-3.31834	3.5303
104	2.54855	3.01034
105	-3.55128	3.56937
106	-1.15535	1.35604
107	2.88888	3.11509
108	0.971385	1.05088
109	-1.49875	2.24487
110	1.34573	1.48775
111	3.92266	4.22768
112	0.0761562	0.0779165
113	-4.95689	5.34715
114	1.7864	1.8155
115	-4.26173	4.43991
116	-2.1088	2.46246
117	-2.58604	2.63145
118	3.91183	4.24942
119	3.35578	3.51291
120	4.81228	4.82909
121	1.08467	1.2335
122	-1.33811	1.58897
123	4.82798	4.84603
124	2.12366	2.24506
125	0.0880736	0.101793
126	1.88155	2.16701
127	4.43813	4.47905
128	-1.88478	1.90321
129	1.14073	1.15393
130	3.01043	3.11089
131	1.25924	1.27884
132	-2.25777	2.2856
133	-1.96383	1.99663
134	-2.23119	2.25998
135	3.11444	3.17748
136	-3.80356	4.20445
137	1.23803	3.00128
138	3.17266	3.43569
139	-0.508395	1.28913
140	4.39524	4.41371
141	3.76571	3.96299
142	-1.40959	1.44259
143	3.2345	3.35421
144	2.68509	3.235
145	1.60724	2.06626
146	-3.74577	3.82565
147	1.59715	1.86879
148	-3.46033	3.47835
149	0.650525	0.973982
150	-3.97474	4.18317
151	1.88957	1.93618
152	2.96407	3.06512
153	2.08004	2.31257
154	4.19361	4.22609
155	-3.56695	3.59665
156	-3.84868	3.8655
157	-0.134367	0.465798
158	3.40259	3.50129
159	-3.55265	3.80792
160	2.47536	2.51542
161	-3.21679	3.24431
162	-4.07892	4.11231
163	-2.27394	2.33055
164	3.01368	3.047
165	1.76923	1.79155
166	-2.85846	3.03938
167	-3.73936	3.75555
168	1.78641	1.81877
169	1.24234	1.50574
170	4.91232	4.96463
171	-0.431145	0.441345
172	2.87414	2.8937
173	0.805366	0.944114
174	-2.46538	2.53671
175	-2.63558	2.65103
176	0.307314	0.4369
177	3.73957	3.94977
178	-2.47202	2.50224
179	3.68914	3.70859
180	4.84221	5.622
181	4.5806	4.6222
182	4.11718	4.13948
183	-2.91064	3.24741
184	4.18192	4.21626
185	-3.11641	3.13933
186	1.00709	1.13245
187	-4.84212	5.0866
188	0.886936	1.12111
189	-4.84204	4.87467
190	-1.78403	1.84138
191	3.43154	3.4623
192	1.67	1.74247
193	-0.248329	0.253716
194	3.63674	3.77717
195	4.73963	4.77122
196	3.89918	3.91988
197	-4.5373	4.57889
198	-4.83852	4.9004
199	-1.08006	1.09638
200	-4.11623	4.51544
201	3.43764	3.53721
202	-2.74402	2.77342
203	-4.22792	4.26635
204	-0.44123	0.450976
205	1.56447	1.60936
206	-1.54759	6.90656
207	1.29802	1.3121
208	-2.83288	2.85739
209	4.32039	4.34231
210	-0.509503	0.520587
211	4.2828	4.41564
212	3.38025	3.39744
213	-3.59396	3.62443
214	-2.70244	3.76432
215	2.88513	2.99155
216	-3.87049	4.05654
217	-4.92782	5.06008
218	-0.0817116	0.083554
219	-3.4716	3.49087
220	-3.2257	3.26523
221	2.25179	3.63875
222	-1.91112	2.06458
223	0.349118	1.07035
224	-0.400505	1.00294
225	1.05986	1.07805
226	-1.27048	2.22235
227	-2.52033	2.56492
228	0.0881582	0.11266
229	-4.3485	4.41342
230	4.21169	4.24227
231	-4.43295	4.45081
232	-0.140604	0.143474
233	-1.27332	1.28788
234	-3.51651	4.80322
235	4.25474	4.37029
236	-1.65204	1.79201
237	3.4845	3.64614
238	-4.94366	5.17244
239	-3.30715	4.32431
240	3.50312	3.55259
241	-1.25417	1.29612
242	-1.90464	2.10829
243	-0.657578	0.679479
244	-4.88879	9.8742
245	0.569239	0.57997
246	-1.46945	1.68838
247	4.66409	4.69731
248	1.77552	1.90199
249	3.16763	3.20336
250	3.64586	3.70889
251	-3.48319	3.52499
252	-1.07109	1.08341
253	3.43067	3.71476
254	-1.16507	1.17854
255	3.6411	3.69384
256	2.87622	2.93059
257	-0.429307	0.439015
258	3.61243	3.63753
259	4.15509	4.18277
260	-1.09296	2.20234
261	3.04654	3.10865
262	-4.13938	4.19038
263	0.827546	0.86461
264	-3.89859	4.18725
265	0.89516	0.907502
266	-3.58244	3.64597
267	-3.25891	4.27014
268	2.41327	2.42966
269	4.33173	4.359
270	-4.70472	4.7475
271	-1.41375	1.44744
272	-4.64025	4.67835
273	4.14307	4.16747
274	2.07005	2.10402
275	2.69583	2.71943
276	-1.97751	2.4107
277	3.41469	3.65943
278	-1.547	1.95339
279	-3.48074	4.28229
280	3.23742	3.30074
281	-0.698324	0.709179
282	-0.173615	0.227277
283	0.00144429	0.00151727
284	1.21453	1.66884
285	-1.51214	1.6487
286	-2.694	2.77754
287	-0.318699	0.340207
288	0.231042	0.288181
289	-3.36206	3.4134
290	-2.87747	2.89793
291	-1.72181	3.51601
292	0.0761325	0.0788268
293	4.02814	4.05885
294	0.935117	0.949491
295	-1.91646	2.28834
296	2.96181	3.02646
297	-1.17249	1.23492
298	-1.57201	1.59612
299	0.0278563	0.0283617
300	-1.83788	1.86735
301	1.15232	1.83623
302	0.589815	0.60169
303	3.13387	3.15589
304	-0.342005	0.347659
305	-1.87805	1.98464
306	4.10557	4.27469
307	-3.07445	3.46271
308	3.09302	3.11647
309	-2.28917	2.58825
310	-3.49892	3.9041
311	3.20067	3.22005
312	-1.82041	1.86111
313	-2.74891	2.88123
314	-4.14287	4.21358
315	1.25009	1.51373
316	0.794663	0.831799
317	4.48738	4.51669
318	-1.76396	1.81538
319	-2.79466	2.83938
320	2.39305	3.448
321	-0.325435	0.376114
322	-3.27257	3.40661
323	-4.31968	4.33638
324	2.5538	2.68549
325	-1.15141	1.17067
326	4.18553	4.22891
327	3.51778	3.57154
328	-0.92255	0.938317
329	3.97271	6.58383
330	3.04783	4.45946
331	3.95384	4.18532
332	2.62522	2.65716
333	0.226968	0.23205
334	1.06247	1.11231
335	3.7553	3.89811
336	-2.24041	2.37658
337	4.95414	5.64725
338	-4.97002	4.99031
339	-0.692524	0.72663
340	-0.974373	1.00323
341	1.63867	1.74165
342	-4.79466	6.54663
343	0.576287	0.859371
344	0.925331	1.58957
345	4.21737	4.49672
346	4.77179	4.80957
347	2.81565	2.87959
348	1.61244	1.69951
349	3.25827	3.32624
350	-4.52508	4.61401
351	1.13043	1.22369
352	-4.55656	4.81326
353	2.72153	2.74028
354	1.71904	1.75931
355	3.05721	3.07845
356	-4.81492	5.94236
357	-1.04417	1.05844
358	4.85233	4.87119
359	-0.326795	0.485739
360	-0.918893	1.10861
361	4.75082	4.98578
362	-2.93821	2.99451
363	-3.75009	3.77847
364	-4.39091	4.40996
365	-3.65087	3.67593
366	1.52176	1.57694
367	-0.681482	0.738238
368	-1.43587	1.47455
369	2.43861	2.45579
370	-0.93094	1.52906
371	-3.97216	4.41364
372	-4.8083	8.80475
373	-0.355444	0.360879
374	-0.484218	0.493619
375	0.821694	0.841874
376	-1.79166	2.38513
377	-2.55021	3.77946
378	-1.86101	2.04499
379	-1.05564	1.22146
380	-1.79212	2.92632
381	-0.167923	0.170832
382	-2.22695	2.24885
383	1.69483	1.86753
384	-3.80935	4.16834
385	1.62035	2.85472
386	4.62927	4.68259
387	4.51385	4.53054
388	-2.36814	2.73795
389	4.865	4.94398
390	-1.52384	1.98603
391	0.744526	0.824907
392	-3.74079	3.77801
393	-3.04537	3.62221
394	-3.10599	3.44574
395	3.14626	5.31658
396	-3.80753	3.89575
397	-0.168471	0.221321
398	-2.87106	2.90256
399	-4.6973	4.82055
400	0.659807	0.717545
401	3.57929	4.75175
402	-0.428766	0.445061
403	0.110039	0.118612
404	-2.74846	6.31684
405	-0.649273	0.94915
406	-4.33827	4.35441
407	-2.5878	2.62736
408	3.28957	3.83278
409	1.31912	1.33365
410	-4.73419	5.39662
411	0.285471	0.294074
412	2.44373	2.45977
413	0.423801	0.431274
414	-3.35664	3.8132
415	-2.10776	2.17523
416	-2.35046	2.38066
417	-2.40776	2.48089
418	4.56467	4.61598
419	-0.576135	0.595896
420	-2.32268	2.34915
421	2.5439	2.66836
422	3.86985	3.88565
423	0.259975	0.280602
424	-0.677072	0.696522
425	2.34299	3.20275
426	1.04449	1.09634
427	1.04702	1.16605
428	-2.25454	2.28462
429	-1.93912	2.49293
430	2.19732	2.5043
431	-3.30801	3.32449
432	2.42465	2.88616
433	2.06764	2.15595
434	-3.01349	3.04442
435	3.80552	4.84389
436	-4.7339	4.91395
437	3.00287	3.02532
438	1.30553	1.40723
439	1.29535	1.31281
440	-0.158058	0.188401
441	0.217195	0.222123
442	1.2668	1.29036
443	-0.625357	0.638749
444	-2.26496	2.32618
445	-1.59891	1.61364
446	-1.61136	3.83274
447	4.77923	4.80125
448	4.37731	4.48137
449	2.80262	2.83141
450	3.33837	3.47127
451	1.02764	1.05057
452	-2.04243	2.33965
453	2.7404	2.76149
454	2.29335	2.59603
455	4.89155	4.93747
456	2.6741	4.77736
457	-1.97828	2.23686
458	1.37296	1.43
459	-2.04683	2.06896
460	-0.168116	0.200667
461	4.04037	4.07702
462	-3.55267	3.57898
463	4.03382	4.05595
464	0.666458	0.729855
465	-2.81155	3.10304
466	-1.55542	1.58916
467	-2.39071	2.55711
468	-2.7534	2.77118
469	0.665242	0.676244
470	-0.614556	1.03602
471	-3.32475	3.36833
472	-4.33446	5.46502
473	1.00044	1.06787
474	-2.90667	2.93116
475	1.14651	1.22657
476	0.307859	1.20552
477	0.145742	0.163204
478	-0.99353	1.30972
479	2.57982	2.59738
480	-3.984	4.00106
481	-1.32225	1.92595
482	2.98437	3.1784
483	-4.13728	4.15433
484	1.63673	1.77302
485	4.77092	4.79526
486	-2.91525	2.94539
487	-1.91829	1.9879
488	1.14313	1.16208
489	4.7888	4.82512
490	3.03576	3.35623
491	0.161682	0.183247
492	-3.87782	3.89542
493	-4.90119	6.84397
494	-0.513016	0.538167
495	-0.198424	0.395068
496	2.44691	2.47804
497	4.96356	5.79209
498	-0.233631	0.23877
499	0.66224	0.679581
500	2.35424	3.17198
501	-2.57473	2.59415
502	1.87932	2.56366
503	-2.81071	2.90204
504	-0.410857	0.427277
505	-3.74108	3.8065
506	2.91338	3.07763
507	0.968526	0.986323
508	1.72803	1.97851
509	-0.835789	0.854253
510	-1.25403	1.2749
511	1.71799	1.7429
512	2.44512	2.56659
513	1.62415	1.66903
514	2.50783	2.55811
515	-1.38542	3.19709
516	2.71955	2.9918
517	-0.698941	1.36986
518	-3.45315	3.60495
519	2.62133	2.85798
520	3.46843	3.49393
521	3.76089	3.93375
522	0.300854	0.915154
523	0.417375	0.434587
524	-4.20325	4.2217
525	-1.75611	2.51413
526	3.54737	3.56313
527	0.735596	0.935994
528	1.64343	1.69339
529	3.20397	3.5731
530	-0.35387	0.366844
531	4.01333	4.06716
532	2.85841	2.98029
533	1.96455	1.98373
534	4.80473	5.66634
535	0.541247	0.559042
536	-1.53387	1.98698
537	-0.34503	0.354125
538	4.03156	4.04755
539	-4.20414	4.22078
540	4.65393	4.96314
541	-0.628963	0.649907
542	-0.998363	1.01075
543	-0.806209	0.819896
544	-2.53362	2.58811
545	-0.203668	0.220684
546	-0.783681	0.937602
547	4.47818	4.52229
548	2.12404	2.28092
549	-3.52001	3.61608
550	-3.9714	4.05967
551	0.201931	0.400481
552	-3.67662	3.69306
553	-1.73829	1.7552
554	4.92925	5.2472
555	-4.81675	4.83519
556	3.09732	3.89778
557	2.78448	2.82898
558	-0.339079	0.352876
559	-2.25597	2.33475
560	-0.623964	0.656565
561	-0.760199	0.7794
562	-3.64998	3.84589
563	-4.33291	4.36458
564	-4.83929	4.88557
565	0.402837	0.413073
566	4.16831	4.18833
567	0.684046	0.695436
568	-4.53833	4.56306
569	-4.15337	4.17161
570	-1.99667	2.02025
571	4.97409	4.9994
572	0.584165	0.610573
573	-1.80039	1.81666
574	4.73685	5.05419
575	2.37238	2.71539
576	-1.516	1.54629
577	-2.29476	3.97971
578	0.330165	0.374227
579	-1.69192	2.39234
580	0.519401	0.532845
581	1.68019	2.75277
582	4.31569	4.36948
583	0.179401	0.182444
584	-3.69001	3.96952
585	-4.83173	5.32351
586	2.0559	2.07183
587	0.413965	0.440673
588	2.90094	2.93012
589	-2.11485	2.16712
590	-0.442794	0.45002
591	-3.24932	3.29016
592	-3.13028	3.77855
593	-2.12478	2.19835
594	2.82824	3.05054
595	-2.30924	2.43403
596	-0.105776	0.107931
597	3.03535	3.44277
598	-3.26481	3.37517
599	-1.01273	1.0861
600	4.24078	4.61331
601	2.3585	2.54812
602	-0.702088	0.747843
603	3.93675	3.98465
604	-3.61397	3.65154
605	4.83665	5.1542
606	-2.92056	2.95317
607	-1.01556	1.2333
608	1.04324	1.12492
609	-3.85096	4.09196
610	-1.95703	2.18047
611	2.21913	2.26193
612	-1.78925	3.05289
613	-2.8529	5.65071
614	3.46924	3.70807
615	2.99111	3.04191
616	-4.71008	5.71472
617	-0.993295	1.74245
618	3.12206	3.20733
619	1.78668	1.80472
620	-0.23464	0.266773
621	0.451331	0.49737
622	3.21066	3.23027
623	-4.20604	4.64742
624	1.29544	1.33051
625	3.12539	3.14586
626	0.782793	1.60683
627	2.2756	2.29926
628	-4.40099	4.42077
629	-1.06053	1.07892
630	0.557076	0.577732
631	1.77827	2.13448
632	2.28018	2.30148
633	-4.56518	5.45078
634	-1.27157	1.33557
635	-0.0896577	0.0925035
636	-1.15516	1.16997
637	0.338588	0.353081
638	4.79745	5.03723
639	1.30941	1.53496
640	3.07554	3.69628
641	0.431286	0.537367
642	4.77933	4.84925
643	-2.14813	2.1658
644	-2.87041	2.97976
645	4.44658	4.49846
646	3.72192	3.93311
647	-1.46634	1.73336
648	2.00982	2.27972
649	-3.59565	3.61689
650	-3.81002	3.99796
651	4.23204	7.47189
652	1.67637	2.47995
653	2.09032	2.24129
654	-4.29683	4.43113
655	-2.43331	2.45981
656	2.83454	2.87635
657	-2.36296	2.41672
658	-4.29514	5.0246
659	2.9922	3.06963
660	-2.71974	2.78155
661	-4.47889	4.50299
662	-1.33637	1.62124
663	2.00428	2.02421
664	3.02324	3.05596
665	-3.58829	3.61001
666	-0.276677	0.282228
667	-0.751953	0.770927
668	0.214386	0.22051
669	2.8735	3.2027
670	-0.261895	0.266708
671	-0.303727	0.322795
672	3.43818	3.50575
673	-4.81349	4.83597
674	-2.17777	2.21446
675	-3.02251	5.18655
676	0.617489	0.650805
677	1.10467	1.12164
678	1.55337	1.64527
679	4.95458	5.79811
680	-3.48243	3.51141
681	-1.21016	1.38828
682	-2.98995	3.03079
683	2.64059	2.7139
684	4.37626	5.06766
685	-1.858	2.19406
686	0.954288	0.989319
687	1.68701	2.23557
688	0.171587	0.189698
689	-1.46449	1.50257
690	0.0522183	0.104292
691	-1.90369	1.92343
692	3.0116	3.03338
693	4.95083	5.77236
694	-2.69008	2.70608
695	4.14159	4.36838
696	-3.72829	3.81286
697	-4.93161	5.05008
698	-4.03069	4.08174
699	-4.49381	4.5117
700	-1.77693	1.94797
701	-0.540066	0.551065
702	-3.51354	3.5394
703	-1.43018	1.5441
704	3.02045	3.10205
705	-0.348137	0.381796
706	-2.38168	2.43058
707	-1.25762	1.27489
708	1.94915	2.1328
709	0.194896	0.199038
710	-1.40138	1.87615
711	-1.91344	3.82693
712	2.26791	2.37018
713	3.15208	3.18827
714	-4.13607	4.16471
715	3.58279	3.91557
716	-2.69354	2.78645
717	-1.73564	1.94136
718	-0.810336	0.882951
719	-4.54904	4.59733
720	-1.06049	3.09799
721	0.282784	0.324193
722	-2.14901	2.17217
723	2.18776	2.20419
724	-2.28163	2.3351
725	4.05921	4.24667
726	1.71913	1.76262
727	-3.81269	4.09779
728	0.300715	0.306767
729	-2.77574	3.00366
730	2.99766	3.01951
731	-4.74836	4.76594
732	-1.15022	1.27851
733	-0.902969	0.932686
734	-4.64982	5.44066
735	-4.75044	5.22131
736	4.65081	5.31635
737	-4.15248	4.21201
738	-0.442495	0.459876
739	-2.69806	2.76839
740	-4.58207	4.61102
741	-1.40714	1.47843
742	-1.49308	2.87086
743	-3.87589	3.90238
744	-0.88045	0.973046
745	-0.0277258	0.0290125
746	-0.844575	2.06564
747	-2.57868	2.62012
748	3.73992	3.88702
749	1.04465	1.06271
750	-3.93366	4.12661
751	-1.62021	1.63972
752	-3.17344	3.59371
753	-1.78104	1.94543
754	-2.73741	3.41598
755	-1.34007	1.40022
756	1.88205	1.95128
757	4.81758	4.83581
758	-2.96705	2.99033
759	4.1966	4.42974
760	-0.709938	0.969555
761	3.26971	3.30181
762	4.39279	4.4136
763	1.45069	1.48548
764	2.20939	2.26732
765	2.22281	2.25751
766	3.78956	3.80954
767	3.99289	4.013
768	-0.170086	0.178427
769	2.00017	2.0803
770	2.73275	2.75311
771	4.77302	5.69486
772	2.9129	2.93118
773	0.00377329	0.0038337
774	-4.4677	4.86967
775	1.09836	2.61525
776	3.36924	3.91389
777	-1.73215	1.77853
778	0.059104	0.0601415
779	0.894747	0.931077
780	-2.78611	2.88599
781	-4.45577	4.47988
782	-1.27984	1.29599
783	-3.38045	3.41076
784	-3.25103	3.2802
785	0.642578	0.653572
786	4.27984	5.13842
787	-0.903476	0.959042
788	0.00620777	0.00635184
789	2.13859	2.78559
790	-1.69933	1.80587
791	-4.63913	4.67351
792	2.60501	2.77866
793	4.43195	4.4995
794	-1.65275	2.68396
795	-0.0673912	0.125967
796	3.44426	4.19237
797	1.56458	1.60764
798	0.0139595	0.0144927
799	-4.28551	4.39864
800	1.80386	1.97422
801	1.24465	1.46948
802	-3.22733	3.24514
803	-1.72357	1.82871
804	4.44147	4.4599
805	-2.68262	2.75398
806	-1.34804	1.4082
807	-0.587949	0.602575
808	1.30696	1.51275
809	-1.07891	1.09315
810	4.1707	4.19658
811	0.215359	0.227252
812	-0.669466	0.691174
813	4.77937	4.79985
814	4.96408	4.98315
815	1.10742	1.1996
816	1.85093	1.90183
817	-2.14836	2.17679
818	-2.30676	2.5443
819	0.402482	0.420367
820	1.5431	1.58956
821	-0.123155	0.125233
822	-4.60188	4.62289
823	-3.54797	3.6679
824	-1.8671	2.79551
825	1.3593	1.40473
826	-0.77319	0.794511
827	4.91855	4.9488
828	-1.6454	1.66173
829	2.90184	3.02432
830	-4.80822	5.10326
831	-4.91338	5.00001
832	1.36133	1.43671
833	0.666317	0.680084
834	4.06633	4.09123
835	-3.81073	4.3802
836	3.78866	4.05216
837	0.804488	0.819259
838	0.355013	0.380369
839	0.891863	0.914428
840	-2.37037	2.41923
841	-4.20849	4.31158
842	-1.17418	1.19157
843	0.413789	0.444866
844	-4.59202	4.71475
845	-4.5009	4.52088
846	2.32488	2.34437
847	2.64247	2.8292
848	-1.47602	1.58698
849	-2.25922	2.32167
850	-0.622414	0.780578
851	3.19974	3.30486
852	4.99617	5.28897
853	-2.64697	3.64344
854	-3.73925	3.77536
855	-1.16091	1.37186
856	-4.50394	5.4612
857	-4.25317	4.75276
858	0.340651	0.424493
859	-3.49769	3.93668
860	4.47624	4.51831
861	1.34838	1.4447
862	-2.41288	2.69634
863	-4.51266	4.7598
864	2.29964	2.40979
865	3.70141	3.7359
866	2.15816	2.25457
867	-0.15652	0.169192
868	-4.09463	4.17036
869	-2.49449	2.54077
870	0.441409	0.522343
871	1.0565	1.32189
872	-4.02481	4.13341
873	-4.74065	4.92845
874	-2.03606	2.07117
875	-2.93553	2.9921
876	-1.23694	1.26476
877	4.24131	4.42115
878	-2.59629	2.61345
879	-2.53871	2.55603
880	-2.04324	2.06851
881	-3.61942	3.63567
882	3.06384	3.2747
883	2.26926	2.2932
884	-1.57943	1.59508
885	-3.86466	3.89043
886	1.11936	1.18157
887	-0.20055	0.217589
888	-1.00484	3.57926
889	-1.58961	1.67624
890	1.82046	2.55211
891	4.39929	4.41912
892	-1.11228	1.13568
893	1.93371	2.12083
894	3.36925	3.38923
895	0.994775	1.01648
896	-4.44231	4.50776
897	-3.55906	3.58824
898	-1.40058	1.42535
899	2.59076	2.67828
900	3.48496	3.51256
901	0.881972	1.63234
902	0.917932	0.933032
903	-3.30113	3.31718
904	0.740224	2.59098
905	1.8722	1.93178
906	-4.41587	4.61464
907	-1.8558	2.50912
908	-0.0879041	0.0893211
909	-4.23674	4.35512
910	4.47291	4.58662
911	-0.39264	0.398559
912	-0.866605	1.06843
913	3.65214	3.70232
914	-0.241505	0.295445
915	-0.2472	0.276324
916	-0.0310065	0.031642
917	2.84777	2.87042
918	-3.6838	3.70252
919	-4.19998	4.28552
920	-0.3441	0.361871
921	4.6171	5.96102
922	-1.05628	1.11443
923	4.71187	4.73773
924	-2.16078	2.17921
925	-2.86284	2.91437
926	2.23317	2.34614
927	-2.65726	2.68602
928	-2.20718	2.23064
929	4.09938	4.15658
930	2.23778	2.46829
931	-4.20523	4.2534
932	-0.513052	0.526854
933	-1.9063	2.29381
934	3.18918	3.43739
935	-2.14044	2.21695
936	-3.43405	3.49238
937	3.0851	3.78153
938	0.237969	0.249456
939	-0.634514	0.65729
940	3.2721	3.42164
941	-4.61068	5.31515
942	-1.75283	1.82032
943	1.87183	2.13596
944	-1.27306	1.54231
945	-1.40869	1.42974
946	4.82338	5.38816
947	-1.8285	2.30153
948	-1.97138	2.16549
949	-4.88652	4.91338
950	-4.84108	4.92894
951	-0.93713	0.963401
952	0.449703	0.469606
953	2.23454	2.25487
954	4.94494	4.97796
955	3.76486	3.80158
956	3.10268	3.12495
957	-1.2777	1.30243
958	-3.11376	3.13361
959	2.38984	2.94979
960	1.56534	1.58725
961	1.57791	1.73739
962	0.367229	0.373321
963	-4.30094	4.33404
964	1.0146	1.03158
965	4.61364	4.84017
966	-1.21443	1.37433
967	2.8984	2.91981
968	0.82448	2.52806
969	4.92295	5.3466
970	1.73297	1.75952
971	-1.01355	2.58238
972	2.84199	2.89276
973	1.18549	1.19992
974	3.30289	3.46678
975	0.341414	1.59888
976	-0.443517	0.460435
977	-3.74305	3.75905
978	-3.33128	3.37206
979	3.31956	3.37145
980	-2.23146	2.27439
981	-1.14314	1.26106
982	-3.39029	3.42636
983	0.789389	0.831266
984	1.8882	2.34346
985	-1.7964	1.96209
986	-0.599856	0.641875
987	3.45681	3.5061
988	-0.101193	0.268202
989	-3.02963	3.13839
990	3.21764	3.28632
991	3.06992	3.14355
992	4.2311	4.25174
993	-2.30216	2.32466
994	-3.71712	3.74138
995	3.58315	3.89772
996	3.95059	4.00742
997	-4.39446	4.41409
998	-0.804738	0.923504
999	2.99449	3.01946
1000	-2.89274	2.91917
